3267838
4012198
3487451
3360607
3482023
3061935
3023017
3323693
3242654
3363734
3151374
3131761
3097738
4150075
3339006
3092288
4077038
3690695
3241309
3728659
3033057
4127701
3020409
3332695
3018863
3422000
3261458
3581766
3525449
3277435
3129795
3236247
3253205
3138043
4808775
3210389
3561243
3553840
3642851
4427424
3252652
3220460
3233432
3478665
3227488
3591950
3448151
3163102
3075440
3458884
3332111
3802837
3352684
3127957
3010322
3493775
3586679
3671825
4155082
3447765
3569910
3069782
3639474
3562387
3552876
3290724
3034705
3263199
3052453
3635221
3835216
4289033
3353465
3099559
3043224
3279443
3421910
3490421
3215766
4047276
3727420
3350139
3074541
3842075
3053537
3126608
3248885
3238964
3786805
4005473
3936276
4115106
3182283
3053320
3500558
3291414
3153117
4097006
3505543
3101831
3208304
3318923
3014649
3277352
3503334
3620121
3109704
4138657
4290962
3435103
3422211
4286061
3734297
3185396
3334491
3721246
3222254
3027810
3299807
3054519
3201172
3847328
3100873
3513325
3335524
3013550
3554206
3012974
3022966
3730390
3215187
3722858
3776034
3614184
3031720
3402104
4082564
3179942
3096263
3119110
3016256
4235077
3288649
3780464
3131254
3058222
3965292
3006032
3465586
3017552
3184052
3396684
3480359
3092915
3158270
3644401
3875219
3391866
3474089
3199317
3714218
4493501
3243672
3203846
3210505
3240138
3339974
4052714
3805711
3171056
4274855
3506170
3193543
3538182
4124335
3032572
4424070
3220582
3212326
3030139
4198221
3152422
2996292
3169562
3320245
3568514
3233308
3656883
6727031
3305562
4555918
3224561
3033285
4011926
3732957
3579816
3773630
3153364
3015179
3667170
3243231
3299619
4260115
3389068
3610233
3714354
3759718
3701099
3137269
3057833
4244447
3178844
3933471
3789729
3260406
3844217
3410108
3001199
3719262
3024358
3784596
3180468
3036274
3510844
3256993
3252309
5207891
3224568
3922928
3263536
3016266
3098830
3815206
3685412
3039834
3615708
3453458
4470970
3461335
3949815
3087611
3060717
5481544
3087909
3141284
3041576
3286647
3437176
3225868
3098501
3190962
3239452
3314373
3421870
4802146
3634472
3448763
3014615
3234316
4387721
3303937
3260548
3377893
3063338
3203552
3033328
3580309
3251506
3157588
3762050
3663000
3365946
3414349
3654188
3509628
3125987
3449186
3012448
3344422
3149944
3351218
3672833
3123423
3592700
4501373
3196432
3280830
3092924
3632938
3084114
3818297
4248981
3389178
3376541
4578692
3107434
3002149
3172320
4611166
3885699
3767445
3239938
3676895
3037119
3074566
3618444
3967119
3640685
3374047
3113352
3836801
3413242
3182100
3298636
3218445
3106381
3128233
3522285
3591115
4022733
4267679
3621751
3012986
3756950
3134641
3106730
3845180
3514741
3671042
3480383
3064000
4142404
3190109
3594504
3204139
3350621
3419740
3200720
4285635
3369596
3133289
3134299
3019444
4014969
3716967
2999410
3806993
3178643
3000497
4389225
3193205
3258803
4361838
3632204
3238910
4550967
3481367
3187274
3588832
3119856
3088296
4531918
3519171
3183191
4377198
4183802
3037843
3070140
3117535
3293447
3274001
4530596
3833575
3111696
4014642
3195734
3564885
4151049
3428157
4031734
3126089
3441327
3183009
4265281
3167087
4106315
3147178
3407493
3159530
3050245
3038888
3079640
3678318
3068476
4166761
3280177
3350040
3059324
3002656
3058388
3603117
3105267
3467032
3415915
3155621
3415569
3033404
3928369
3387040
3130401
3221445
3138764
4096798
3124301
3192384
3363618
3020034
3719738
3272351
3647998
3481440
3076682
3133388
3125312
3891754
3127401
3512066
3280652
3164520
3917806
3129942
3251944
3168039
3240531
3024363
3299792
4391925
3447732
3124342
3257031
3500585
3065627
3184510
3314785
3024075
3374975
3320522
4026050
3563501
3243004
3085060
4248609
3342312
3289642
3842724
3770173
3417084
3421215
3247530
3775951
3774909
3334603
3282441
3094688
3285970
4286475
3113629
3192505
3344989
3563858
3377353
3901898
3455120
4583867
3987286
3535066
3122386
3027462
3519820
3026941
4237529
3051882
3251917
3412347
4006768
3076704
3805547
3651172
3685270
3331416
3029446
3025600
3010927
3945722
3104649
3305112
3150767
3057879
3065476
3121095
3307908
4434153
3067292
4090240
4313677
3286739
3968527
3896448
2999255
3338679
2998946
4120588
3039530
3076984
4009712
3164240
3043303
3232844
3417416
3160281
3274157
3015579
3402820
3455893
3027331
3084115
3111386
3053679
3084439
3435759
3630010
4659486
3761468
3585664
3071720
3672455
4277908
3470255
3942256
3163509
3066358
3245108
3186127
4117311
4444221
4028780
3799771
3086148
3012790
4187813
3124848
3388798
3086279
3642798
3848353
3512887
4117471
3161830
3404518
3029069
3126104
3751398
3186907
3016005
3161256
3317172
3125996
3754893
3777260
3065306
3233066
3439353
3555968
3623035
3011158
3315405
3629560
3454622
3126129
3500191
3397347
3108471
3287463
3352878
3288824
3131687
3240549
3054627
3160287
3008220
3901575
3047729
3637034
3020770
3139491
3093224
3252838
3085229
4388465
3059379
3194334
3093724
3042125
3079563
3213646
3002156
3139671
3013912
3126951
3316256
4026969
3129165
3752791
4702966
3927964
3037315
3190235
3054431
3979729
3550036
3222090
3791052
3285487
3094512
3273653
3234127
3232244
3571885
3037098
3447011
3430034
3453657
3373177
3584416
3172516
3352306
3186195
3024694
3744381
3538824
3093962
3002363
3225397
3046321
3377669
3673967
4579857
3338604
3393344
3217934
3256672
4137456
3068450
3125494
3483313
3245748
3191273
3060789
3666153
3332610
2998058
3225808
3032303
3094874
3292990
3329169
4110552
4319183
3905840
3126691
3942937
3586857
3238540
3073083
3053314
3158100
3349233
3433539
4020981
3413518
3421520
3831439
3265304
3636073
3484921
3111592
3862210
3652976
3831783
3400249
3497504
3486357
3036994
3098756
3510468
3127494
3712185
3099484
3319375
3302819
3294208
3231558
3877162
3543448
3184530
3214453
3194294
3719716
3131628
3616461
3545357
3227976
3379659
3008826
3138245
3178120
3208676
3747810
3559442
3019830
3901138
3229979
3020497
3604684
3082327
3403007
3327295
3123511
3120152
3020667
3615000
3058875
4036594
3444830
3336007
3012470
4094328
3207491
3283424
3366105
3172124
3761347
3386330
3187632
3192289
3599010
3314399
3867069
3457684
3072383
2996817
3913244
3015861
3325743
5208815
3059948
3181131
3469920
3270143
3061945
3740816
3038197
3076119
3366991
3749945
3319397
3023763
3228814
3265966
6196945
3304113
3265860
3200924
3835030
3262850
3103878
3171607
3428989
3767576
3477842
3219992
3176042
4118226
3130794
3346989
3108078
3091912
3020261
3764669
3152862
3711701
3920693
3711580
3388344
4157925
4870869
3257860
3011964
3735061
3461839
3492553
4385564
3246407
3418914
3464901
3233540
3092306
4395834
3360699
3113763
3415679
3564503
3120539
3853673
3700786
4026648
3106771
3192292
4175290
3239476
3072338
3763739
3797856
3668715
3408525
3114147
3078076
3811643
3191752
3017627
3351297
3017222
3937197
3251424
4332985
3460010
3765375
3561700
3869635
2986515
6029423
4092614
4457635
3218485
3631572
3824096
3064210
3533513
3547321
3261046
3637226
3111182
3077404
3078522
3059475
3118655
3114328
4466624
4536330
3936928
3313348
3256178
3715175
3025102
2989664
3184431
3053200
3022185
3033336
3408405
3205617
3517353
4026727
3612863
3786242
4481125
3642861
3462204
3675145
3794390
3080605
3025193
3416047
3338214
3048978
3187774
3026104
3332639
3317016
3063496
3146426
3665377
3926707
3337184
4242384
3148533
4044722
4004303
3035587
3066424
3294610
3476541
3244122
3451827
3055639
4006666
3184683
3979467
3512560
3080218
3421241
3360009
3064306
3098446
4081341
3329538
3706984
3294095
3771867
3748142
4162726
3623048
3203693
3085313
3500788
3039729
4638718
3013189
3073826
3327232
3034060
3415123
4312093
5489684
3135672
4897321
3080829
3181619
3417202
3241932
3251543
3870468
3697241
3059145
3341656
3190895
3880197
3227306
3183356
3909392
3232585
4001198
3051691
3114931
3147977
3919025
3183753
3032698
3425157
3213026
3570415
3069344
3018187
3222387
3020395
3489162
3083353
3088894
4104716
3185464
3257470
5366142
3034850
3171589
3866801
3423053
3164584
6331667
3224636
3249184
3249106
3172785
3418965
3165819
3696982
3201155
3092636
3605559
3152057
3305035
4004761
3426269
3079967
3516082
4291246
3257507
3503448
3335607
3674009
3201985
3123123
3465283
4435299
3647845
3386812
3992193
3593832
3475943
3987057
3169695
3687452
3400798
3285266
3153764
3837008
2995541
3621124
3186459
3246250
4910573
3070885
3741420
3052041
3017078
3558551
3083238
3135032
3314609
3193728
3754723
3802470
3022359
4004188
4124677
3252917
3017398
3304489
4001741
3356729
3118971
3105866
3222998
3864680
3519419
3404595
3740091
3059264
4489523
3147941
3615850
3088358
3058102
3553405
3813314
3158420
3043903
3914362
2992152
3059911
3262859
3722348
3109627
3891941
3445269
3244244
3223766
3125729
4316477
3518051
4209096
3119403
4190506
3210525
3257598
3542148
3193404
3504191
3937268
3394319
3955359
3159805
3778505
3009763
3611677
4043649
3826934
3300619
3388534
5058475
3095313
3256131
3118047
3836607
3050264
3073265
3636036
3019751
3559017
3060288
3590675
3670796
3575343
4344103
4815984
3740616
3976768
3563782
3120167
3255547
3199816
3013593
3161138
3470250
3343082
3570009
2998413
3637770
3227514
3421150
3241701
3134553
3655248
3831809
3404409
3705429
3499229
3955561
3123656
3187200
3297583
3293257
3740876
3397942
3564143
4697633
3281736
3151878
3906603
3297743
5526490
4134493
3281248
3028890
3680121
3028090
3400244
4113032
3104208
3230433
2998262
3056119
3536797
3479308
4882354
3451450
3205958
3023215
3348621
3039610
3409655
3167355
3875595
3082077
3452663
3934891
3157862
4293089
3106177
3194622
3364665
3442044
3219627
3386955
4259622
3162213
3545525
3197491
3404480
3360424
3190159
3259616
5292939
3298135
3183451
3065174
5081579
3151725
3167251
3193989
4280775
3948245
3061368
3725412
3138502
3478910
3046077
3057348
3937400
3584012
3082781
3183787
3061879
3414186
3282810
3298573
3142123
3038982
3050327
3264954
3183146
3237595
3861393
3672016
3011042
3455189
3174491
3030651
3025438
3020101
3507085
3564375
3291287
3515248
3154455
3300391
3730624
3380940
3327048
3763638
3155007
3746833
3215737
3109455
3064835
3024047
4115884
3796457
2998850
3628151
3346621
3197706
3099143
3338948
3010009
3295727
3506200
3337672
3149500
3393038
3168471
3078503
3212932
3722875
3169991
3154176
4016168
3410807
3113644
3176251
3037032
3181754
3007361
3297224
3372005
3102438
4277954
3047205
3294288
3082312
3189215
3609789
3492016
4002563
3013537
3423686
3166640
4555911
3936390
3325245
3100594
4472706
3125747
3233884
3678420
3063524
4186531
3091849
3856773
3854109
3388525
3065330
3048819
3076308
4381074
3308074
3115632
3600250
3062653
3235686
3373217
3035223
3360804
3271955
3037937
3196055
3350103
3289670
3253616
3033220
3793483
3156751
3093568
3059464
3883941
4123876
3027817
3195046
4111191
3445669
3506699
3403442
3140351
3175951
3337795
3070539
4727785
3079610
3089122
4080297
3195573
4014843
3345704
3150131
3227318
3601171
3324191
4538957
3923065
4176076
3133946
3319196
3304485
3163101
3460217
3594672
3147922
4249844
4116653
3077263
4281638
3009093
3307064
3097949
3961986
3739688
3183563
3963818
3270689
5647569
3016892
5338290
3333765
3032854
3120935
4173678
3342598
3412574
3091861
4142085
3612341
3270381
3356490
3594453
3167795
3144490
3212521
3372331
3671794
3115421
3170495
3274312
3606298
3675583
3034647
3220811
3271584
3247329
3002621
3066891
3294917
4927822
3440924
3378633
3059032
4483687
3397292
3416663
3166684
3080576
3133578
3014821
3566734
3051440
3479789
3177262
3161570
3051788
3046640
3499403
3861001
3327367
3750948
3062139
3217083
3328595
3283791
4200508
3598080
3995545
3088032
3174816
3225799
3221411
3138918
3098906
3675406
3244460
3243566
3690947
3215393
3420368
3362931
3690387
3876668
3322310
3601506
3177363
3546347
3268274
4394615
3911725
3577363
3242327
3233858
5176934
3025675
4151741
3155773
3049846
3055852
3008231
3419142
4756596
3189144
3040820
3031813
3752635
3048118
4022596
3364936
3633173
3217561
3055731
3046069
3937554
3500330
3221973
5151161
3230864
5226670
3065236
4120207
3375864
3892857
3272358
3077848
3268890
3009740
3194714
3008542
3207585
4359557
3041387
3174782
3262542
4308876
5167013
3119991
3622268
3098436
3610893
3369988
3023287
4827048
3263725
4068244
3357914
4047694
3158092
3118263
3399446
3161109
3015134
4688158
3189738
3070544
4421331
3387440
3151448
3802969
5006232
2990644
3230061
3341272
3078841
3980266
3318419
3732959
3095507
3012232
4172603
3059598
3219627
3280995
3583415
3634397
4324787
3268512
3020688
3398493
3656286
3660892
3368760
3357425
3370282
3948807
3541434
3087994
5303133
3394294
3090556
3080278
3243589
3377926
3643528
3826224
4488892
3092506
3047808
3490320
3648251
3265079
4738534
3180276
3155693
3337942
3389614
3225296
3359036
3512951
3059229
3912450
3254872
3269829
3467740
4285246
3553108
3015304
3024885
3078060
3454482
3247436
3754164
3389948
3117357
3551791
3909372
4872352
3277432
3585575
3285531
3008825
3026544
3053638
3177543
3050408
3159711
3251399
3124137
3112508
4005065
3313931
3276667
3160039
3261674
3420651
3163224
3119886
3730404
3276265
3286802
3429939
3001250
3289132
4286061
4455857
3229987
3236078
3048832
3236088
3100131
3129066
3259595
3350884
3446820
3228794
3079729
3487150
5043111
3298897
3415373
3657493
3234341
3318018
3030544
3883340
3059030
3053226
3108901
3546646
3148180
3310403
3064705
3702036
4360095
3545107
4588888
3191927
4126270
3426201
3407006
2997801
3905997
3509575
3084012
3175126
3990306
3463599
4714304
3095805
4615095
3509225
3085043
3157509
3928719
3113887
3416975
4769781
3587543
3403978
3470509
3038004
4850025
3635615
3120564
3546690
3455144
3457940
3037346
3254917
3159070
3067032
3052815
3569089
3156059
3902918
3121093
3176211
3132293
3063994
3119985
3899958
3027030
3366918
4536561
3228753
3195266
3971703
3030093
4115024
3546680
3350071
3709854
3352474
3110877
3135960
3125936
3564772
3075712
3089054
3451697
3116951
3711474
3131391
4225543
3460599
3992866
3628198
3820198
3835020
3035151
3914627
4666230
3417055
4083796
3361238
3739420
3278874
3190522
3685163
4037890
3471060
3390175
3729452
3806154
3796155
3647533
3271667
3175534
3119103
3819319
3011574
3711685
3000300
3311867
3114864
3778560
3609693
3235853
3250922
3480727
4005449
3050787
3116966
3246427
4494515
3322806
3582795
3382541
3276783
3370363
3145372
3424405
3589794
3149815
3317228
3235907
3040040
3597040
3348360
3677731
3692326
3255706
3470283
3336981
3431049
3234915
3371065
3311068
3772141
3397198
3605813
3673397
3056717
4560698
3124406
3516419
3798746
3103792
3013129
3320561
3773592
3508417
3513685
3650032
3163304
4214565
3502130
3222481
3273533
3558623
3047406
3404193
3282760
3224727
3222110
3634237
3296245
3415923
3266516
4153792
3206099
3066858
3452073
3393850
4602522
3684265
3129892
3014428
3309159
3018682
3713077
3167248
3456625
3185022
3008834
4088599
3402223
3444304
3198006
3043391
3336267
3267002
3128882
3405294
3448339
3075651
3370170
3012917
3146075
3367165
3063164
3368826
3155234
3187896
3214255
4620818
3142622
4019964
3032776
3240166
4755676
3022269
3224563
4061559
3540538
3555124
3505922
2997880
3668014
3033646
3951002
3650710
3195352
3579824
3248920
3018037
3389125
3092591
3411986
3835192
3479226
3316356
3586017
3521401
3538978
4798688
3669152
3237104
3856297
3081901
4197069
3041827
3008061
3384406
3656365
3162296
4187679
3384857
3113909
3447041
3587562
3344352
3574151
3099322
3175020
3444359
3147396
3143924
3167634
3156491
3015556
3393001
3073251
4476128
3018886
3190895
3088464
3047042
3197274
3416490
3532741
3491703
3195946
3687853
4187225
3276727
3429539
3340054
3813623
3591917
3112870
3454948
3009053
3711250
3079660
3154323
3433533
3112546
4057883
3019087
3538240
3327809
3290466
3288353
3020603
3303635
3320770
3134357
3394423
3047350
3129611
4003729
3288691
3025879
3266524
3449115
3421225
3955189
3296046
3382765
3567873
3560709
3727213
3394687
3159071
3023242
3001397
3103864
3117090
3380244
3410157
4983311
3379693
3082767
3329070
3018183
3519825
3852680
3336129
3705277
4268840
4034585
3198056
3117413
6023157
3031429
4621080
3086038
3460039
3139676
3870798
3023655
3176676
3590019
3697195
3075316
3550138
3746253
3193875
3122428
3124402
3124469
3565372
3607640
3151717
3263695
3621992
3316697
3164816
3237648
3165855
3239012
3372783
3520179
4712128
4716043
3611893
3091390
3172331
3056334
3730890
3890951
2992362
3819004
3167990
3138646
3047778
3405745
3114567
3307096
3187086
3177637
3186448
3072678
3961066
4987182
3505871
3495814
3256591
3124548
3344615
3330481
3174974
3386652
3164354
3552896
3538624
3076737
3864673
3088900
4212547
3161339
3607919
3454578
3095315
3685666
3784891
4761014
3847436
3386718
3868103
3870719
3096572
3084436
3528820
3294029
3201143
3181998
3181149
3075585
3011828
3591469
3377990
3738226
3046053
3201435
3723536
3212086
3972437
3290037
3107948
3522313
3017639
4951436
3500664
3085906
4176042
3657030
3100961
4332531
3228788
3055061
3050355
3111149
3293527
3436212
3083225
3114175
3050424
3809252
3140069
3028307
4080177
3015828
3128739
3437905
3148358
3574260
3254401
3135140
3109526
3156435
4324332
3490521
3064200
3000136
3594666
3036209
3625579
3218887
3275345
3349358
3062932
3699610
3100355
3040400
3622328
3130585
4983836
3486725
3274174
3212017
3596340
3040906
3251000
3393768
3757403
3318232
3240174
3015119
3284630
3501607
3190444
4125516
3324123
3499262
3177946
4348461
3395852
3004418
3688648
4321553
3035761
3235066
4080682
4190366
3795153
4244607
3330668
3222042
3006571
3489776
3637844
3871425
4017511
3510197
5490338
3582394
3086928
3561636
3212651
3203523
5627779
3702683
3140988
3227584
3354013
3449775
3213289
4621242
3327590
3321429
4492485
3021193
4038692
4546506
3203332
3137867
3363937
3345141
3390491
3007111
3361369
3002185
4707591
3614613
3298043
3055224
3677223
3260423
3330941
3015208
4563304
4094175
3022230
3101886
3500920
3337847
3082572
3691777
3174865
4147649
3520443
3679949
3539314
3073860
3567046
3408056
3862336
3145296
3059644
3001013
3093755
3342813
3040869
3177983
3074081
3014157
3441305
3503035
3088439
3010456
4044959
4007156
3119693
5162353
3403411
2994537
3587395
3315656
3006332
4832528
3225435
3738637
3102047
4120100
3243182
3603400
3060679
3664815
4864200
3088091
3051290
4171152
4308261
3389899
5318973
3123577
3595664
3775188
3243912
3033838
3367883
3254850
3317539
3589393
4449042
3649847
3143236
3243697
3411989
4024465
3585617
3576466
3058385
3922617
4048463
3034034
3236307
3396321
3746936
3008407
3632697
3138590
3091938
3258593
3264623
3629330
3320895
3625016
3806635
3109614
3069502
3880160
3199239
3076736
3106552
3648228
3585697
3369208
3168326
3045221
3495549
3679652
3218922
3226020
3740054
3379967
3104038
3168800
3233630
3110377
3186666
3161571
3295801
3050322
3187061
3669973
3278373
3042798
3951534
3294336
3811776
3286204
3141323
3205615
3082060
3379865
4404798
3516423
3046610
3404716
3093049
3151856
3804529
3725369
3055990
4218414
3719368
3683867
3662524
3017948
3753102
3378408
3149824
3037397
3134172
3240012
3136464
3243681
3318461
3522747
3074724
3271880
3748901
3170753
3232109
3103214
3292338
3988513
3949777
3278990
3350280
3264204
3719717
3509986
3266189
3735678
3300855
3091093
3443367
3551668
3420655
3021127
3017213
4724948
3017087
3206435
3563432
3354341
3155434
3393765
3158418
3349923
4295586
3439537
3827295
3274965
3784108
3287192
3180658
3049023
3535138
3247015
4341586
3367591
5691792
3274328
3130427
3020983
3743323
3246401
4014830
5031832
3345412
5389281
3273480
3249174
3222884
3894076
3264351
3032786
3270495
3199065
3548414
3906242
3648331
3473183
3572609
3614347
3653053
3095442
4355299
3040030
3234800
3438498
3126109
4117656
4670726
3445010
3286778
3262558
3258737
3545292
3443712
3069056
3131116
3040317
3012375
3500014
3329208
3171272
3103636
3218388
4825440
3038814
3404051
5099594
3249390
3129061
3046480
3982903
3494464
3688348
3953881
3862122
3404512
3018498
3249735
3628628
5840879
3116294
3907571
3479790
3164406
3090771
3788421
3085704
3721847
3113019
3026815
3067593
3091572
3009979
3691135
3508566
3121459
3373491
3083821
3092805
3071801
3354291
6196125
3264026
4404833
3014616
4000975
3666943
3444793
3030124
3688557
3138543
3669654
3609523
4090899
4383161
3014283
3140389
3349096
3932069
3022001
3230497
3901169
3003534
3558366
3112206
3117033
3361902
3961243
3121164
3186359
4384500
3172489
3690915
3545027
3012303
4063357
3547858
3376821
3106614
3130535
4050641
3190548
3064944
3899963
3735040
3662488
3379241
3686809
3751237
3453375
3252001
4545817
3269447
3210644
3089789
3017043
3317948
3141096
4190417
3237542
3381993
3042114
3392481
3426772
3230530
3555971
3077581
4585348
3992729
3916275
3292863
4221001
3078001
3486157
3577462
3561989
3505722
3069462
3044574
3913440
3083934
4143749
3182879
4636051
3016642
3332258
3470602
3991943
3344883
3042632
3134294
3369666
3059808
3478421
3256476
3458934
3044206
3496888
3095945
3411143
3059512
4098750
3523922
3020143
3212430
3623359
3293212
3141555
3191177
3112233
4002655
3085756
3081214
3322846
3233295
3000776
3045556
3627637
3045633
3517451
4057377
3826406
3813477
3043574
3119194
3246772
3805191
3238853
3192382
3625692
3098775
3009233
3103948
4093076
3098540
3473110
4765889
3168389
3255650
3339825
3961110
3927035
3384671
3412903
3080106
3076196
3451941
3428014
4697162
3206992
3192272
3236540
3084593
3433647
4674476
3203023
3622801
3096297
3342633
3023793
3588831
3239684
3224134
3191494
3254125
3007134
3095606
3560116
3388465
3500820
3410915
3293387
3147594
4378250
3090883
3644045
3516434
3039806
3194708
3078406
3266914
3052362
3188212
3736581
3473250
3413076
4123059
3134479
3291022
3284202
3002686
4591070
3092792
4028738
3130007
4212119
3867976
4183863
3152929
3135596
3083558
4041250
4999136
3565125
3355600
3946528
3627825
3276415
3944698
3021995
3145845
4626343
3244702
3302939
3057079
3500219
3092652
3166982
3018611
3218572
3105779
3012245
3067553
3146133
3432120
3152681
3487084
3179391
3328529
3284007
4797388
3033604
3581100
3805870
4713908
3964934
4762786
4010100
3108070
3230940
3368449
3765644
2990722
3312555
3117643
3416819
4169334
3121193
3262811
3453278
3433406
3034276
3386072
3004164
3515028
3012260
3294096
3232302
3035007
3495581
3043450
3185149
4461978
3086519
3046813
3133650
3464771
4540601
3485358
3339426
3058192
3050369
3220462
3997696
3081829
3421193
3485673
3527641
3136213
4274871
3083670
3391962
3564936
3087273
3054668
3486254
3171465
3750530
3657163
3464224
3093720
4106611
3509467
3143446
3454472
3100462
3437129
3037860
3284848
3361154
3528800
3032024
3242863
3333664
3159486
3062727
3123257
3557071
3049232
3891843
3338130
3057763
3245599
4193773
3033136
3140089
3062142
3484248
3459073
4077414
3158091
3160192
3039279
3410329
3125405
3910515
3001876
4000490
3949225
3727657
3652672
3044087
3893412
3177025
4191124
3062090
3135260
3138526
3015176
3820226
4904743
3290530
4020338
3356067
3029478
3613872
3307888
4149406
3146837
3204478
3335650
4246548
3339667
3056024
3060179
3975753
3618979
3108358
3057643
4348705
3182423
3171078
3141173
3329686
3134317
3576016
4500250
3026925
3276312
3563606
3141382
3818970
3224120
3398097
3529207
4330127
3322889
3060139
3206079
3016096
3219417
3671456
3498362
3571287
3304623
3911972
3446544
3112664
3237653
3122902
3210049
3242535
3384506
3102789
3095118
3809481
3677946
3037990
3103270
5402663
3173766
5202586
3175189
3488231
2998362
3000457
3176185
4368084
3034971
3203824
3173813
3099550
3654071
3152977
3452153
3739112
3110008
3084306
3225208
3066918
3716420
3467051
3546602
3008870
4058986
3306853
3251936
3397551
3063230
3661687
4658069
3648834
3046676
2989330
3401449
3334098
3720151
3177923
4275585
3266744
3728594
3081297
3030106
3227332
3147735
3212837
3686799
3165417
3607478
3057482
3542632
3493181
3176853
3030932
3454732
4276176
3188309
3417692
3502584
3206661
3136975
4016798
3216339
3682186
3571079
4392532
4260506
3214229
3274966
3044787
3470389
3228554
3141722
3015871
3040382
3096613
4053524
3575537
3204183
3385166
3070677
3080752
3303240
3231091
3410228
3244669
4171457
3147442
3691571
3338808
3296152
3116309
3309633
3178932
3310862
3019172
4570148
3455840
3038446
3099950
3251860
3357942
3489023
3191906
3166538
3649207
3121044
3008335
3168255
3482072
3197247
4219984
3632947
3347034
3369142
3037033
3106869
3081760
3053658
3655146
3011262
3017710
3109668
3319320
3125830
3769149
3616244
3038622
3054577
3789820
3334785
3273324
4042824
3159975
3174690
3693328
3140511
3207172
3464986
3049595
3254325
3343116
3329548
3232104
3298144
3406958
3299954
3483658
3256097
3775856
3224108
3168833
3324127
3464503
3108088
3384170
3626573
3411919
3499225
3053645
3125420
3253911
3100148
3654255
3047381
3303134
3311708
3021093
2998228
3130378
3254523
3076390
3699469
3234311
3924493
3848134
4100335
4019565
3092798
3186838
3516084
3346254
3047600
3337744
4076108
3002501
3523438
3065122
3678338
3796303
3037314
3002619
4015587
3012805
3426110
3807536
3808237
3437338
3293823
3079284
3314075
3413089
3164894
3611666
3367389
3049382
4282377
3277197
3367225
3794898
3349421
3270361
3235051
3050349
3516011
3219603
4210175
3110178
3113850
4419915
3077471
3310842
3870515
3411813
3189232
3075539
3087099
3869151
3273563
3025805
3157412
3339802
4136715
3043185
3013264
3232935
5874668
3324425
3117870
3426207
3191552
3811608
3001695
3113257
3201514
4518860
3894745
3697500
3372923
3139146
3021507
3672691
4715065
3368299
4769756
3252824
3678942
3032249
3409120
3139730
3236382
3228629
3674470
3209592
3638319
3412853
3252865
3021233
3043479
3125316
3732731
3469793
3063562
3369466
3104653
3603779
3254326
3918462
3092600
3163497
3326083
3158483
3350748
3137780
3118385
3375014
3371071
3277385
4304547
3232472
3128427
3078480
3030562
3089603
3250389
4120695
3130143
3025668
3166490
4064371
4126773
3474584
3058043
3441324
3526154
3770067
3027071
4149669
3178343
3687838
3432025
3038840
3227038
3079812
3318073
3038169
3432800
3151400
4097144
4127295
3577050
3303882
3150652
3059100
3389211
3227205
4763801
3276331
3189650
3006576
3205296
3471004
3356093
3344440
3424333
3007891
4474491
3764228
3377909
3666134
4004362
3150369
3324652
3299583
3174122
3461291
4155579
3215003
3536678
3654362
3264243
3413289
3315196
3373613
3208008
3285805
3343265
3669895
3268346
3212249
3803864
3606727
3148090
3563965
3201970
3036936
3779810
3173345
3136792
3204786
3430563
3459895
3064821
3093517
3012265
3301084
3091149
3080421
3929615
5142036
3433797
3664087
3340827
3047183
3653181
3551149
3065866
3472678
5145176
3035359
3860414
3111129
3799195
3632988
3186083
3541529
3385134
3166967
3699838
3565720
3144768
4490253
3161515
3041380
3051581
4612227
3914165
3484635
3687496
4146777
3420419
4757866
3003773
4478013
3483972
3086475
3252474
3509319
3278626
3498849
3093640
3467327
3365708
3956580
3061303
4409884
3008803
3633973
3154173
3089653
3796486
3280450
3447129
3392191
3116120
3165355
4300748
3306635
3021190
3487344
3071567
3060386
3102129
3150158
3098656
3258473
3268870
3845930
3561010
3233337
3188724
3441750
3789283
3228473
4324547
3219051
3720541
3409997
4965699
3174048
3211660
3870734
2993781
3969086
3816206
3273244
3079451
3460545
4480978
3539753
3009539
3019670
3200771
4012343
3065945
3563363
3144923
3829744
3032997
3171870
3836445
4155755
3670734
4192486
3150548
3366971
3863292
3783168
3873792
3520273
3162206
3718773
3429203
3413632
3660270
3955669
3544058
3850889
3379566
3034666
4446387
3147707
3067867
3003567
3593122
4896262
3078857
4796579
3372470
3038753
3044724
3278345
6064199
3187071
3256555
4292700
3022157
3269351
3011134
3727873
4339336
3004611
3041302
3520076
3717126
4003142
3204591
3046126
2999544
3519819
3014114
3608156
4522659
4663982
3587897
4023291
3013632
3040441
3311017
3189303
4619408
3296689
3082792
3016772
3129784
3259744
3252202
3238718
3029067
3543791
3079256
3088894
3195949
3320685
3651109
3478452
3055852
3153793
3391145
3611689
3880806
3021122
3641457
3455576
3430999
3416488
3520600
4057031
3775739
4809626
3331134
4125228
3599488
3114786
3936909
3192473
3903454
2994670
3130070
3155952
3362772
3494164
3328519
3853687
3292836
3623317
3140512
3681402
4255174
3291197
3411028
3025295
3395790
3806396
3234631
3985879
3220071
3159167
3236514
3222881
3163259
3197425
3235560
3353864
3138173
3855695
4463482
3555743
3596305
3243212
3180955
3343032
3868370
4278223
3770417
3613191
3142308
3380706
3181568
3388632
3301567
3112840
3646050
3482080
3161109
3678264
3229696
3061986
5192645
3129344
3585891
3160658
3347649
3432165
4090695
3241517
3560286
3523322
3475379
3249146
3247405
3151153
3395521
3121758
3127537
3961658
3637878
3062651
3140790
3055370
3134284
3070129
3571355
3079334
3096164
3004200
3139142
3402687
3099443
3377225
3133683
3346054
3328791
3089278
3400531
3646446
3022647
4125103
3062856
3131769
3171539
3089801
4214270
3044246
4794519
3511703
3525034
3092915
3488942
4707355
3117720
3318634
3420699
3117294
2998288
3142308
3293303
3148740
3976460
3783928
3475522
3044966
3019306
3489582
3194226
3156953
3437595
4416538
3337594
3090855
3421661
3387449
3534913
3156909
3028422
3054388
4122898
3086517
3627862
3086183
3040796
3171794
3312990
3057801
3068362
3162944
3478071
3127056
3376285
3433592
3020708
3290545
3469599
3193795
4106436
3713925
3965520
3249881
3597823
3164869
3064784
3437252
3244579
3148261
3442679
3081385
3172365
4178921
3588848
3560474
3060202
3033921
3008236
3394915
3401391
3163092
3018797
3137286
3087028
3206300
3195916
3137152
3185376
3029403
3413201
3078527
3460229
3471301
3120830
3104464
3712415
3189306
3266755
3139918
3006371
3121904
4130455
3476859
3422792
3435444
3985917
3276176
3872396
3785865
3304332
3074289
3023567
3353032
3206423
3251343
3669464
3597369
4388517
3380211
3096896
4053151
3093540
3368833
3970347
3571205
3424961
4133127
3442044
3271585
3299940
3402972
3100474
3013323
4663640
3077411
3495596
3569824
3103124
3402406
4097946
3052959
3045242
3418806
3419797
3086294
3590421
3093172
3969496
3313225
3119681
3002659
3138164
4166484
3554847
3684336
3165671
3538967
3034704
3459120
3167719
3344002
3052640
3159836
3212110
3616189
3248835
3786939
3344849
3301639
3165464
3064065
4861093
3758215
2991505
3102254
3124791
4343485
3361161
3218016
3022078
3154683
3804173
3580201
3140759
3115695
3139287
3153083
3762258
3525392
3110523
4108673
3758659
2995448
3426079
3642905
3247193
3342996
3620868
3256309
2987330
4089754
3133828
3251731
3019037
3715678
3576791
3242729
3219686
3307286
3041372
3063387
3025030
3664986
3632713
3572943
3384985
4312587
4318621
3175802
3417227
3012515
3131580
3059859
3168880
3736354
3522603
3263572
3465104
4204542
3181217
4200542
3274970
3104784
3644780
3245721
3059745
3084353
3747949
3323808
4314484
3270602
3764898
3208007
3232577
3038271
3308066
3665235
3109818
3405560
3078941
3686013
3422786
3937731
3402956
3105964
3110657
3053870
3569481
3512936
3671950
3677642
3069967
3038139
3522633
3251450
3421731
3217149
4141819
3559865
3201180
4012516
3050843
3751626
3282966
3016647
4549428
3157063
3089880
3092985
3198639
3182787
3287358
3688279
3706252
3398575
3407696
3280564
3153389
3802102
3250773
3044275
3386399
3081871
3347793
3579782
5271598
3539917
3529741
3976735
3238963
3585580
3182750
3248907
3381111
3181668
4590655
3278467
3020477
4161745
3050108
3052748
3475314
3036674
3727974
3533295
3887408
3041215
3118590
3146115
3253077
3014974
3072687
3150395
3515529
3642167
3547520
3718800
3029595
3617866
4252460
3046517
3588538
3497072
3424938
3141657
3018151
3341292
3729865
3295858
4163352
3611398
3500693
3072512
4166685
4370298
3119795
3831272
3066724
3335946
3681393
3247133
3277185
3825230
3103649
3362012
3186659
3162150
3498974
3339334
4014459
3265345
3341651
3037347
3390856
3866010
3504585
3909166
3078175
3126243
3097803
3478918
3369188
3185276
3187824
3062492
3502835
3141533
3120438
3388888
3630007
3054929
4981591
3187575
3075453
3834218
3414354
3037147
3393874
3099292
3234301
3233126
3092391
4242402
3510935
3040881
3160854
3389782
3041353
3580092
4133867
3675770
3626352
3109242
3023442
3396479
4784400
3098957
3504411
3620194
3230693
3705138
3485059
3078485
3095088
3658868
4735691
3616720
3173832
3238409
3208683
3102111
4518243
3435742
3441618
3159972
3958864
3184644
3175035
4079010
3685100
3397930
3468324
3821973
3639581
5129001
3431206
3300111
3302274
3084311
3617500
3253312
3457906
3514009
3030240
4278645
3031971
3473069
3245015
3119132
3341722
3928711
4055667
3576347
3069593
3839462
3657751
3127202
3622581
3031784
3416152
3017806
3052506
3019123
3046355
3330569
2999637
3451990
3550844
3051654
3719065
3255909
3082482
4067019
3358896
2994169
3687999
3100987
3132969
3429892
3448869
3556058
3346139
3411689
3853985
3296650
3421789
3150712
3450361
3055175
3208545
3250737
3322331
5434131
3471385
3879150
4049349
3283608
3170595
3480725
3218311
3326147
3054240
3509629
4249469
3250701
3851394
3021193
3582525
3075408
3225015
3848508
3102610
3489984
3353473
3397667
3193369
4207982
3013049
3128779
3837239
3084545
3199775
3191839
3648515
3615356
3293907
3644739
4464755
3044381
3229940
3183174
3168309
3247685
3510522
3180277
3502677
3334523
3282054
3661822
3756485
3044283
3193003
3861482
3531169
3651070
3027808
4864529
3372014
3163198
3196197
3035164
3081272
3029280
3129079
3251213
3202221
3099922
3899595
3460238
3063626
3559896
3102729
3257936
3018930
3408428
3320129
3069424
3089848
3884905
3086270
3561704
3434350
3342586
3529950
3346116
3469492
3390966
3112751
3206361
3302743
4352768
3349167
3525689
3472531
3430743
3900781
3128730
3752323
3044722
3182303
3139313
3683415
3473816
3214442
3185480
3821592
3095725
3328696
3132275
3218244
3256534
3243525
3303926
3015226
3235255
3103726
3604421
3088305
3231988
3285796
3038362
3065434
3627176
3021797
3213338
4035819
4719706
3470778
3186375
3634998
3722506
3504628
3135667
3232272
4794777
3893680
3199017
3310675
3034134
3573230
5526550
3098823
3066880
3653667
3005949
3122377
3045367
3338925
3033749
3661902
3817130
3694517
3247499
3759408
3228429
3165296
3165059
3179630
3133642
3757136
3122606
3715522
3942079
3215081
3231829
3073547
3592508
3203491
3895224
3026990
3253957
3308833
3175342
3361667
4284928
3138218
3793275
4282849
3600336
3339676
3357163
3213031
3187432
4281649
3119647
3358204
3298406
3035412
3244329
3578669
3072845
2996936
3875404
3235526
3231025
3007738
3358728
3063429
3002717
3221736
3475129
3004449
3425650
3236694
3029364
3482131
3566854
3336669
3353156
3707893
3152410
3026029
3500242
3221126
3595914
3165019
3893156
4416777
3686479
3645173
3433004
3518124
3260668
3672449
3915757
3580956
3152104
3260892
3518667
4006097
3027504
3126149
3296337
3063087
3287691
4489260
3146123
3985922
3479626
3590919
3197124
4172858
3163396
3209685
3914464
3380543
3009492
3053349
3734161
3659060
3650359
3012816
3047392
4022440
3514199
3022248
3114812
3050055
3362596
3004873
3427173
3088779
3883410
3620590
3307574
3026550
3211526
3147493
3503156
3146837
3473148
3488680
3282403
3009750
3825997
3043593
3344428
3624438
3012152
3320096
3758591
3305191
3901843
3297725
3558815
3122848
3698575
3070071
3755964
3063393
3763263
3332343
3222494
3057745
3441363
3289276
3103299
3266498
3180305
3238093
3016234
3193638
3118144
3965425
3133631
3307262
4467160
3141158
3947146
3235832
3737548
3398014
3159659
3290987
3152671
3213842
3360977
4305905
3458694
3374901
3449123
3122805
3366097
3402038
3006267
3200651
3695168
3087925
3188731
3360861
4653060
3606350
3125211
3219698
3024315
3050251
3037236
3831313
3175137
3261934
3221527
3004195
3262612
3879461
3150165
3136766
4494135
3080048
3245341
3536966
3202616
4828536
3146110
3180671
3330617
4387659
3262761
3071247
3450786
3238106
3691442
3235918
3022330
3022151
3183756
3611312
3153772
3339158
3149124
3293431
5291052
3342326
3362030
3641909
3098419
3071864
3054519
3167184
3369968
3079798
3101683
3205280
3460470
3820214
3074395
3231025
3158430
3310029
2997723
3055932
3018738
3258621
3032682
3101641
3273682
3639119
3399336
3221214
3614561
3266171
3651394
3758180
3266723
3653810
4131545
3887608
3102977
3025515
3458071
3732159
3084595
3365750
3259062
3132878
3474815
3120491
3504623
3231290
3242637
3560292
4300545
3352796
3699512
3784634
3400037
3025872
3147411
3181505
3427225
3344521
3566552
3098953
4241012
3119662
4116003
3695910
3349875
4256815
3043017
3029286
3027507
3593665
3036692
3009940
3114727
3891641
3817127
3253077
3208167
3228693
3725997
3622758
3831077
3072065
3943115
3176195
3556591
3087456
3054728
3776318
3428907
3044876
3286740
3302576
3177881
3319135
3654610
3102491
3861051
3324775
3633648
3007543
3261641
3346061
3312957
3083025
3607430
3015642
3504878
4220431
3580281
3372939
3069761
3396172
3074979
3357383
3364445
5061613
3372795
4362457
3037673
3828012
3447916
3042118
3533445
3580212
3435619
3185194
3424003
3262564
3514901
3462102
3144201
3113853
3059571
2996399
3308815
4018240
3498552
3178373
3105856
3177033
3375728
3073451
3447775
3556118
3112618
3350384
3052049
3159741
4029540
3479791
3346940
3104931
3023658
3140811
3006411
3142941
3509111
3272645
3376385
3214439
3414784
3235526
3157986
3356069
3726965
3364204
3334535
3556234
3455610
3705758
3163734
3530285
3330479
3284533
3381316
3569638
3768577
3479070
3087727
3627941
3052675
3006850
3454329
3008956
4207984
3198110
3758673
3100473
3863459
3022485
3109322
3996400
3441187
3344476
3162112
3036993
3285852
3229540
3463603
4178487
3459008
3915770
3494660
3188272
3144261
3132113
3361091
3406786
3235833
4190510
3191413
3136297
3062917
3275775
3440801
3007302
3064074
3242605
3466707
3203509
3539792
3911343
3150596
3197543
3496859
3285488
3333326
3458966
3035038
3229571
3181735
3416944
3848088
3062153
3657327
3495123
4024918
3874284
3074704
3278643
3518173
3089968
3251651
3062844
3143079
3440918
3717621
5080984
3226411
4053686
3072766
3989337
3881561
3263800
3421622
3388893
3072065
3265711
3031092
3406535
4094320
3104370
3029196
3303943
3043155
3037857
3063321
3573129
3546278
6062370
3717365
3295503
4368143
3395015
3168424
3381869
3336873
3370057
3258984
4178692
3141941
3423076
3491318
3061948
3041119
3090751
3070104
3306880
3364640
3438827
3198957
3120095
3192504
3536623
4046986
3122857
3275215
3511630
3363684
3392767
3074297
3426259
3190105
3421680
3052876
4207857
3204230
3048132
3377912
3789466
3292263
3133203
3419289
3146136
3414062
4667348
3059495
4233105
3037129
3153723
3527307
3312677
3281185
3185654
3473765
3414805
3418681
3199641
3017838
3610498
2990397
3500999
3429989
3410470
4195243
3642742
3063816
3195710
3334969
4186792
4113418
3332353
3757169
3407271
3579585
3937530
3036307
4085929
3956826
3571120
3112056
3436361
4060332
3130219
5508703
3544014
3670811
3051317
3684099
3175803
3110089
3714187
3913715
3167605
3196762
3057430
3248387
3121741
3392135
3321217
3550508
4175990
3065569
3827220
3778643
3246885
3220034
3244786
3324423
3464625
3145019
3257387
3097839
3201481
3260813
3931412
3073465
3475743
3742496
4086294
3412609
4051232
3089703
3651412
4924018
3609769
3232463
3190401
3204262
3572847
4209328
3376574
3464069
3092286
3156554
3403513
3121219
3292406
3677821
3367511
3031786
4369011
3268905
3083600
4306139
3448875
3380522
3199823
3973645
3005542
3016412
3497154
3171193
3172209
3454535
3157992
3180372
3150278
3780541
3466923
3038519
4104685
4179259
3014403
3118069
3229302
3315579
4356117
3167778
3693978
3104927
3752841
3112914
3242365
3017327
3038577
3064532
3490791
3372258
3134183
3485404
3155320
3624225
3262326
3252286
3839380
3378589
3127523
3340723
3176353
3300718
3423116
3335489
3537397
3464851
4558441
3412915
4151443
3076169
3557113
3234180
2995843
3192492
3652254
3112159
3091944
3075317
3668078
3130917
3824528
3235140
3755420
4322866
3409044
3057594
3538555
3907948
3045994
3462608
3015936
3776402
4024661
3701898
3355180
4618633
4160068
3143675
3046824
3264864
3090743
3174423
3191229
3205995
3088810
3833879
3356105
3131041
3133243
3693727
3677134
3214779
3442729
3016836
3147824
4480522
3203900
3262210
3264765
3005753
4239930
3183378
3085174
3902921
4000329
3758184
3294842
3745588
3727158
3063025
3108024
3023519
3086308
4219662
3108460
3264594
3074344
3251780
3117186
4678094
3150820
3227293
4144453
3758626
3494762
3096364
3032498
3059721
3875966
3286926
3903789
4397172
3279680
3035703
3103609
3592856
3446773
3777525
3381776
3535847
3058405
3046277
3481405
3294230
3477751
3047456
3330503
3011621
3041818
3033785
3392058
3220182
3173117
3068377
3291670
3621915
3184534
3307157
3025734
4666590
3935757
3471231
3342342
4628396
3035881
3912667
3054814
3057226
3049328
3202491
3340104
3130549
3592885
3367759
3132176
3119645
3422543
3182287
3242244
4057066
3487071
3224429
4220587
3400526
3486552
3055748
4982324
3024109
3578884
3136420
2985347
3362884
