7.615679
7.788976
7.127203
7.974828
7.713610
7.826219
7.873979
6.872250
7.838335
7.940088
7.831630
6.550106
7.114035
7.588998
7.846899
7.967323
7.893787
7.341210
6.939457
5.484212
7.584227
7.867837
7.718986
6.395417
7.647080
7.495868
7.453630
7.902004
6.550945
7.770039
7.716240
7.686444
7.466164
7.909285
7.648196
6.528071
7.710817
7.434685
7.060970
7.459040
7.298187
7.982061
7.545953
7.606126
7.557824
7.228689
7.550243
7.351584
7.689931
7.719387
7.355784
6.860900
7.519209
7.996388
7.005612
6.322418
7.488764
7.667670
7.930393
7.572441
7.264083
7.613049
6.810215
7.785697
7.453958
7.765397
7.839692
6.443645
6.709801
7.988718
7.527251
7.448953
7.970520
7.969771
7.964429
7.503828
7.135666
7.484074
7.852201
7.891817
6.642008
6.904116
7.988025
7.617147
6.885971
6.953809
7.658198
7.654184
7.818160
7.545727
6.671596
6.441298
6.207472
7.081465
7.829772
7.492120
7.933895
7.623624
7.557332
5.355524
7.605025
7.976267
7.451068
7.554622
7.945104
7.374131
7.961934
6.923735
7.851507
7.805964
5.220929
7.915656
7.921960
7.988572
7.470781
6.224211
6.899720
5.911178
7.684518
7.931507
7.560073
7.768792
7.968205
7.593024
7.936624
7.790013
7.978417
7.864713
7.228150
7.517983
7.865911
7.863700
7.472074
7.125125
7.281226
7.354984
7.660868
7.172536
7.564382
7.411135
7.993959
7.565341
7.204958
7.915291
7.544881
7.761361
7.936922
7.703133
7.772073
7.586818
7.599668
7.059687
7.106643
7.544808
7.791780
6.839997
7.078878
7.763436
7.960065
7.544642
6.936290
7.818276
7.266270
7.657246
7.989254
7.674706
7.953586
7.644053
7.893163
7.479203
7.970318
7.886242
7.955093
7.109959
7.787341
7.460092
7.939243
7.703103
6.415894
7.689215
6.913839
7.652518
7.866578
7.387499
6.530343
7.611195
7.560028
7.219837
7.142444
7.486592
7.818058
7.421325
7.046378
6.449630
7.983682
7.003220
7.726585
7.936275
7.813416
7.568288
7.343659
7.775488
7.349898
7.226951
7.950481
6.539797
7.764308
7.885620
7.764724
7.806926
7.508995
7.888910
7.313049
7.218941
7.092188
7.414545
7.864360
7.778444
7.731402
6.412419
6.912453
7.455020
7.488064
7.348493
7.524572
7.455269
7.590714
6.816718
7.314325
7.223816
7.699500
7.736848
7.987345
7.980360
7.959274
7.937004
6.303026
7.708490
7.812218
7.796911
7.401635
7.071881
7.648665
7.770127
7.535414
7.845451
6.667863
7.253881
7.563445
7.810198
7.338281
7.721805
6.954216
7.835756
7.995331
7.703856
7.040903
7.582683
7.814643
7.583098
7.846187
7.401491
7.009585
7.830758
7.356394
6.816471
7.751598
7.412388
7.818590
7.475212
6.797355
6.865555
7.708621
7.762849
7.882554
6.776909
7.542450
7.947861
7.435945
7.988136
7.742943
7.803879
7.704723
7.880483
7.583725
7.697860
7.519389
7.778272
6.884117
7.098800
7.123859
7.952526
7.667721
7.445261
7.771289
7.961315
7.598548
7.408827
7.323187
7.248852
7.864434
7.496111
7.464635
7.499392
6.878309
7.192610
7.631840
7.694949
7.013473
7.974248
7.677228
7.896257
7.770576
7.141853
7.758052
7.105001
7.899993
6.921008
7.951211
7.999715
7.385837
6.934466
7.952223
7.974350
7.636050
7.706308
7.934362
6.698828
6.005730
7.140718
7.406401
7.876924
7.751104
7.856931
7.230204
7.869043
6.518010
7.883599
7.488795
7.164251
7.853655
6.375435
6.721472
7.565021
7.232818
7.843393
7.786870
6.874595
7.957953
7.721920
6.873104
7.284263
7.857882
6.554044
7.212847
7.387746
7.769683
6.988766
7.518738
7.783805
7.445325
7.889156
7.615713
6.670109
7.721475
7.872106
7.935763
7.778740
7.732811
7.354199
7.969986
7.514519
7.421282
6.466754
7.973763
7.741945
7.886916
7.752144
7.860354
7.838140
7.325600
7.962679
6.661983
6.865462
5.941470
7.366496
7.568583
7.781318
7.597703
7.978116
7.475357
7.957380
7.863907
7.983618
6.180253
7.515670
7.852791
7.954495
6.982230
7.513150
7.237892
6.838005
7.944146
7.744393
7.012750
7.915956
7.346799
6.155494
7.633315
6.919188
7.857951
7.924457
6.708522
7.924412
6.191575
6.766554
7.168921
7.599801
7.872328
7.834985
7.562269
7.181758
7.781954
7.293058
7.128673
7.804745
7.831425
6.197802
7.745695
7.961816
7.547403
7.969837
6.577793
7.441480
7.702033
7.183632
7.246765
7.980814
7.232805
7.891294
6.819476
6.645321
7.803814
7.105602
7.983498
7.826658
7.322636
7.114282
7.268826
6.920978
7.999585
7.851340
7.440532
7.781405
6.760652
7.707373
7.507231
7.915975
7.733720
6.842058
7.873374
6.909057
6.648469
7.927536
7.624567
7.780479
6.916697
7.885099
7.754911
7.473781
7.757560
7.859516
7.578472
7.470698
6.176703
7.549385
7.041572
7.365035
7.778857
7.552996
7.570813
7.778306
7.250327
7.938375
7.467059
7.427671
7.615121
7.914513
7.228260
7.075037
5.753070
6.728871
7.364893
6.684356
7.997949
7.936141
7.857229
6.906673
7.810630
7.549625
7.648882
7.481441
7.264128
6.672201
7.901779
7.310306
7.649739
6.464634
7.747038
7.250445
7.616103
7.010724
7.998803
7.880595
6.691828
7.464609
7.130270
7.711195
7.273980
7.570720
7.888723
7.286717
7.680497
7.055447
7.432216
7.677384
6.754372
7.066933
7.813593
7.896248
7.761504
7.320515
7.252115
7.991160
7.456202
6.916497
7.287262
7.995441
7.071435
7.989120
7.237488
7.813443
6.964233
7.234035
7.657630
7.192544
7.770554
7.865333
7.927716
5.447380
7.308640
7.804755
7.290700
7.949877
7.958455
7.777278
7.599394
6.393321
7.939263
7.239016
7.930375
7.677422
7.682832
7.029735
7.663913
6.167205
7.340230
7.929420
6.056670
7.614092
7.917517
7.272019
7.263379
6.412240
7.651710
7.915273
7.284652
7.236280
7.763479
7.066395
7.240582
5.963588
7.961476
7.666097
7.959751
7.917801
7.276111
7.529569
7.951023
7.093909
7.816073
7.876716
7.868245
7.378565
6.039670
7.445647
7.416699
7.368487
7.285823
7.443267
7.930883
7.032170
7.774933
7.047529
7.148534
7.245640
6.597781
7.614535
7.637874
7.828454
7.810535
7.892051
7.839983
7.761019
7.490262
7.790262
7.646369
7.806958
7.048337
7.566682
7.971040
7.965838
7.327430
7.833864
7.295878
7.356222
7.016276
7.770353
7.774147
7.552957
6.761300
7.679936
7.751763
7.865681
7.855472
7.943864
6.725573
7.913382
7.518402
7.737970
7.718714
7.085209
7.580715
7.472955
7.931492
7.970074
6.922929
7.533750
7.768381
7.354947
7.985197
7.729045
7.269069
7.289549
7.477512
7.684605
7.730751
7.689313
7.294689
7.379764
6.754919
7.462205
7.979863
7.843935
7.142648
7.831191
7.774760
7.333962
7.721878
6.975458
5.312444
7.262865
7.404218
7.582160
7.789498
7.238228
7.529252
7.912137
7.818561
6.979844
7.115771
7.799835
7.875669
7.588519
6.378964
7.193939
6.855218
7.771427
7.911813
7.494450
6.545558
7.987591
7.904500
6.304820
7.828763
6.726169
7.860879
7.533747
7.482498
7.511347
7.717910
7.484159
7.814597
6.159747
7.967743
7.533489
7.284078
7.467488
7.358597
6.524397
7.668710
7.646301
7.852427
7.465213
6.702658
7.887236
7.752695
7.125105
7.615017
7.627932
7.743554
7.684993
7.607588
7.606243
7.720877
7.285916
7.710573
7.510008
7.839956
6.584212
7.940602
7.471779
7.574742
7.738319
7.504533
7.517003
6.887580
7.819968
7.920406
7.553964
7.871243
7.541483
6.541159
7.693512
7.933539
6.949937
7.517176
7.659352
7.416558
5.751772
6.892198
6.504605
7.692047
7.751981
7.670743
7.208339
7.992230
7.141060
7.789352
7.830413
7.285696
7.710332
7.055374
7.867220
7.278747
7.723752
7.232796
7.494838
7.446942
6.962605
7.956703
7.133809
7.719767
5.476186
7.893935
7.621867
6.957607
7.296426
6.873130
7.622536
7.308685
7.235769
7.685671
7.958031
7.973783
7.082020
7.071373
7.965751
7.493371
7.950326
7.787602
7.813506
7.636639
7.944397
7.639662
7.906759
7.642651
7.890230
7.295765
7.986450
5.895155
7.174094
7.086541
7.730531
7.179425
6.517658
7.081823
7.455465
7.397415
7.352301
7.977911
7.765317
7.700317
7.652114
7.707854
7.661229
7.844719
7.884945
7.607085
7.136109
7.827112
7.192679
7.988703
7.328269
7.000079
7.621452
7.058636
7.811348
7.429138
7.578613
7.794046
7.445233
7.823207
7.958471
6.544957
5.978291
5.349780
7.226605
7.475454
7.399638
7.695649
7.429995
6.583854
7.172068
7.984424
7.775465
7.882923
7.825683
7.616730
7.395994
7.998449
7.296956
7.706527
7.987130
7.718489
7.862803
7.600153
7.889522
7.630924
7.950876
7.370741
7.249877
7.336504
6.811323
7.123996
7.437982
6.865532
7.127374
7.749730
7.637363
7.678953
7.273905
7.974920
7.749114
7.619935
7.958840
7.411758
7.413300
7.773830
7.952955
7.821649
7.771754
7.164204
7.424333
7.754430
7.923391
7.070766
7.096801
7.800578
7.824614
6.895512
6.696503
6.441908
7.540281
7.094514
7.232827
7.918519
7.357211
7.571992
7.634218
7.941185
6.778910
7.903053
7.914136
7.846226
7.451089
7.868090
6.992845
7.852799
7.590387
6.755738
7.630595
7.121603
7.361048
7.967868
7.937369
7.158521
6.939378
6.828401
7.985311
7.945931
7.213541
6.580099
7.982034
7.812366
7.247558
7.179125
7.706860
7.709352
7.820459
7.048296
7.621659
7.909418
6.495669
7.473565
7.734242
7.528836
7.167534
7.883463
7.215760
7.829140
7.962019
7.876995
7.996970
7.266031
7.839273
7.934090
7.608179
7.958491
6.231088
7.583387
7.901398
7.270903
7.662144
7.881006
6.415922
7.912202
6.659158
7.752764
7.576869
7.889649
7.914060
6.517788
7.784312
7.956717
7.552862
7.402873
7.445199
7.802173
7.099601
7.749357
7.572081
6.949898
7.572267
7.566736
7.510831
7.252844
7.444523
7.997275
7.127674
7.485668
7.578656
6.675056
7.801525
6.732967
7.947459
7.842164
7.984552
5.858171
7.523712
7.549596
7.897317
7.350159
7.621230
7.645036
7.239134
6.354151
7.967108
7.760324
7.837065
