7.183578
7.121711
7.995582
7.747373
7.240146
7.128447
7.037598
6.827142
7.331604
5.910800
7.104789
6.687830
7.369655
7.562574
7.619549
7.735883
7.807595
6.527746
7.899856
7.584119
7.466819
7.727082
7.389667
7.238954
7.718784
7.621445
7.549498
7.654476
7.011623
7.605056
7.623751
7.483608
7.822734
7.616496
6.778850
6.380103
7.833715
7.280356
6.974353
6.764420
7.301373
7.415720
7.061480
7.744968
7.920762
7.812744
7.337189
7.704347
7.864887
7.048893
6.910341
7.147905
7.893507
7.585446
7.586323
7.559121
6.564213
5.777121
6.613507
7.178089
7.613627
7.704153
7.758197
7.282684
6.996818
7.854214
7.357744
7.967307
6.745274
7.585731
6.509048
7.462351
7.935206
7.199556
6.697609
7.848763
5.912166
7.476899
7.467499
7.874278
7.701005
7.645163
6.524433
7.536899
6.684624
7.655598
7.982604
6.949675
7.663596
6.443680
7.450951
6.861190
7.753383
6.726276
7.487740
7.900301
7.930772
7.845355
7.863083
5.657245
7.287600
7.909969
7.469255
7.095798
6.862297
7.586665
5.805474
6.903213
7.966681
7.478921
7.980987
7.651239
5.682555
6.287762
6.477180
6.711081
7.691318
6.237093
7.190972
7.078830
6.639659
7.741818
7.344834
7.825514
7.829778
7.838837
7.698300
7.742555
7.642982
7.483289
7.747243
7.914881
7.287887
6.732387
6.696461
7.491998
7.695002
6.735517
7.662089
7.644814
7.604142
7.632277
6.918476
7.610334
7.669124
7.077167
7.710945
7.091926
7.148608
7.926971
7.463259
7.308951
7.637390
7.823799
6.655834
7.334777
7.614580
7.778375
5.734859
6.790011
6.904036
7.753368
7.996042
7.507835
7.841179
6.667323
7.928573
7.441377
7.033448
7.547245
7.985149
7.791553
6.403547
6.842545
7.207800
7.715928
7.335267
7.932988
7.897724
7.646458
7.853115
7.230164
7.926292
7.380515
6.343817
7.986609
7.769267
7.658035
7.760507
7.775216
7.769249
7.883017
7.418150
7.763916
7.257529
6.987551
7.839472
7.030868
7.651935
7.981340
7.746966
7.628362
7.767058
7.789262
7.756342
7.975410
7.382220
6.116053
7.906186
7.111478
7.669306
7.738196
7.562237
7.551939
6.236801
7.608855
7.527469
7.796217
6.825757
6.949603
7.485166
7.873323
7.998426
7.875267
7.585354
7.253125
5.122206
7.274049
7.537730
7.652447
7.221806
6.929340
6.870861
7.980239
7.913435
7.871855
7.955021
7.158613
7.888863
7.855315
7.519466
7.488887
7.524389
7.974834
7.952321
7.561771
7.566171
7.434823
7.129121
7.700068
7.633384
7.738635
7.502697
7.630837
7.555923
7.979386
7.892123
7.556508
7.216157
7.320653
6.589934
7.613192
7.541381
7.084770
7.579983
7.371489
6.264279
7.499428
7.674579
7.913715
7.174871
6.536348
7.304117
7.785060
6.202068
7.171082
7.099313
7.598383
7.722091
7.495791
6.936308
7.086023
6.778154
7.681007
7.829685
7.679462
7.649506
7.692617
6.724656
7.890824
7.963345
6.987489
7.419397
7.472232
7.410123
7.933424
7.842987
7.457176
7.362002
7.415278
7.262113
7.676180
7.504709
7.685549
7.309026
7.539760
7.900787
7.606134
5.865115
7.574540
7.988223
6.967604
7.787029
6.700601
7.832892
7.552088
7.769627
7.359414
6.765970
7.854309
7.053629
6.471105
7.982472
7.661389
7.543646
7.370492
7.554494
7.215505
7.833442
7.889238
7.729806
6.561524
7.498355
6.767632
7.751741
7.827872
7.663256
7.610642
7.281673
7.673814
6.429638
7.249438
7.827023
7.829818
7.407418
7.610850
7.197213
6.639973
7.924568
7.389330
7.917954
6.677715
7.469306
7.898483
7.749309
7.936991
7.095983
6.978818
7.002834
7.993149
5.997619
7.882564
6.493866
7.518281
7.963163
7.803840
7.133446
7.605117
7.236293
7.605156
6.869363
7.326363
7.872554
7.932753
6.730161
7.072859
7.494262
7.376663
7.250919
7.335909
7.797318
6.980822
7.470334
6.940049
6.208457
6.745818
6.547995
7.160507
7.226035
7.165846
7.137957
7.255656
6.636928
7.257714
7.815919
6.205260
6.246496
7.989835
7.635930
7.294004
7.587969
7.769438
7.715777
7.348750
7.677208
7.807381
7.620478
6.411374
6.749948
7.883915
7.410884
7.883558
5.833911
7.862674
7.996822
6.315348
7.941599
6.516816
7.237136
7.034822
7.286873
7.580062
7.541220
7.418933
7.858649
7.142719
7.458789
7.883296
7.108037
7.987961
6.912787
7.805023
7.753186
7.847277
6.653593
7.246796
7.604457
7.708498
7.331843
7.714220
7.530909
7.785527
7.537645
7.542369
7.597640
7.531759
7.586975
7.494905
7.604952
7.854726
7.709032
7.888277
7.299418
6.797760
7.139144
6.812408
7.361603
7.724429
7.971524
7.644796
7.707157
6.756690
7.296528
7.301405
7.929532
7.431426
7.675692
7.480828
6.272604
7.956226
6.598904
7.571558
7.727221
7.624786
7.992725
7.016455
6.198498
7.574375
7.702367
7.635220
7.290843
7.204644
7.443580
7.698675
7.406535
7.713966
7.809226
7.798908
7.258686
7.772642
7.283929
7.949107
7.862790
7.693190
7.157976
7.777973
6.049000
7.888717
6.896389
6.441428
7.838048
7.106385
7.629859
7.481749
7.832099
7.617994
7.692534
7.854541
6.479441
7.169826
7.380136
7.384285
7.577817
7.830509
7.994557
7.925710
7.450369
7.802269
7.701023
7.772981
7.490628
7.954482
7.703863
7.180452
7.624101
7.910088
7.974652
7.643567
7.784031
6.754842
7.696566
7.560170
7.318544
7.009427
7.953368
6.721637
7.794681
7.621653
7.930327
7.842372
7.852820
7.203881
6.923653
7.291861
6.290750
6.897053
7.069701
7.497946
7.917210
7.879023
6.920539
7.314492
7.825634
7.839244
7.649037
7.305558
7.726992
7.608434
7.922851
7.390806
7.718733
7.578446
7.906875
7.980941
7.763737
7.854174
6.573817
7.465549
7.359788
7.980368
7.080430
6.914832
7.142161
7.375401
7.514919
7.216277
7.569991
7.736755
7.784659
7.415339
7.559289
7.907454
7.779108
7.199171
7.723643
7.249726
7.653093
7.282002
7.874967
7.526973
7.747473
7.529754
7.988304
7.614472
7.493646
7.747828
7.349306
7.581083
6.722947
7.765375
7.546543
7.287336
7.889698
7.787572
7.740967
7.283464
7.993999
6.990400
7.980163
7.776733
7.633771
7.523268
7.650178
7.222181
7.794502
7.127036
7.632400
7.288864
7.602192
7.415086
7.836857
7.082843
7.900312
7.822424
7.816092
7.278926
7.485937
6.718822
7.868536
7.606915
7.849475
7.280222
7.889823
7.713233
6.161739
7.581061
7.963091
6.006806
7.759640
7.942298
7.790770
7.178047
7.409484
7.276213
7.592434
6.778120
7.598564
6.655281
7.463190
6.526890
7.530612
7.059230
7.221982
7.329092
7.974005
6.192292
7.709159
7.433095
6.831116
7.506828
7.957075
7.944892
7.819657
7.840214
7.631645
7.840295
7.268935
7.570677
7.853219
7.991541
7.464958
7.590989
7.150897
7.858778
7.874111
7.824249
7.943543
7.366801
7.892541
7.340852
7.460352
7.311800
7.609138
7.762184
7.727138
7.565045
7.786342
7.254753
7.931058
7.889356
7.807899
7.884092
7.825533
7.566573
7.694941
7.317257
7.246093
7.944212
7.878713
6.650766
7.935133
7.182829
7.681870
6.900851
6.501528
7.479994
7.937017
7.985245
7.845256
7.819841
7.303872
7.079822
6.628671
7.898519
7.930830
7.799941
7.371124
7.693684
6.166660
7.194137
7.520886
7.829137
6.713841
7.131748
7.219898
7.785839
7.626837
7.629064
7.711325
7.414603
7.715594
7.614650
7.714035
7.176096
7.760142
7.769697
7.754863
7.672720
7.749770
7.531325
7.369997
7.997469
7.752626
7.486044
7.895640
7.655381
6.986388
7.087914
7.065058
7.054921
7.528198
7.739432
7.978384
7.640635
7.928821
7.153468
7.249193
7.506126
7.852199
7.948548
7.885824
7.488741
7.526799
7.541019
7.760858
6.946729
7.010936
7.396835
7.820351
7.901151
7.891954
6.796015
7.898282
7.598689
7.625916
7.778177
6.780016
7.793866
7.946067
7.299701
7.949390
7.422990
7.988358
7.926327
7.973688
7.916075
6.863326
7.171506
7.331945
7.953567
6.987883
6.990332
7.393044
7.716668
7.728450
6.525573
7.856662
7.883712
7.486364
7.634123
7.767669
7.248482
7.750096
7.626290
7.867639
7.139665
7.206347
7.951823
7.974154
7.024984
7.164139
7.921809
7.652604
7.125673
7.839997
7.610651
6.761203
7.942864
7.845405
7.491457
7.892833
7.975014
7.690518
7.112994
7.680269
7.221096
7.245921
7.447629
6.770689
7.790336
7.981365
7.861008
5.881792
7.724223
7.379890
7.876144
7.919571
7.702794
7.819395
7.890901
7.866948
5.510249
7.800275
7.427852
7.132266
7.584854
7.956864
7.339718
7.482454
7.792481
7.838584
7.245092
7.759672
7.430422
7.572197
7.265681
7.742234
7.848188
7.774610
7.838555
7.583245
7.749583
7.663058
7.595665
7.324975
7.968561
7.366870
7.096355
7.655988
6.783387
6.518259
7.432495
6.795101
7.852102
7.850244
7.353087
7.300944
7.797665
7.756247
7.813843
7.512877
7.522991
6.302828
6.910167
7.904199
7.613704
7.494306
7.604202
7.336020
6.917449
7.301509
7.895618
7.876929
7.934701
7.405621
6.943885
7.900495
7.801243
7.395352
7.492062
7.893153
7.483609
7.886995
7.977333
7.140014
7.710746
7.296786
7.620489
7.388834
7.999474
7.274851
7.876577
7.521998
7.337741
7.984432
7.326199
7.916612
7.463324
7.905073
7.102627
7.644240
7.011084
6.574408
7.434746
6.667336
7.504126
7.631316
7.964311
7.028897
7.954637
7.419578
6.325107
7.389457
7.136389
5.656952
7.677811
7.908066
7.305584
6.928648
7.152317
7.304217
7.508273
6.556358
7.840780
7.848136
6.385672
6.786690
7.745463
7.522412
7.986641
7.924382
6.320991
6.953601
7.974857
7.487204
7.174827
7.454424
7.999219
7.052899
7.676972
7.953810
7.661223
7.715147
7.277955
7.870192
7.720004
7.935499
7.760301
7.976668
6.510408
7.951744
7.241536
7.582707
7.998598
6.548873
7.289041
6.366741
7.009204
7.988646
7.574470
6.951531
7.911880
7.617787
7.314145
7.883710
7.990903
7.645999
7.180314
7.990113
7.830463
7.897662
7.943327
7.372468
7.561126
7.109797
7.004565
6.898999
6.839195
7.908086
6.770601
