0.046821
0.858057
0.481670
0.125683
0.358107
0.306926
0.860157
0.865777
0.331787
0.626213
0.677034
0.172243
0.759875
0.247885
0.804316
0.157123
0.794356
0.163963
0.873997
0.892418
0.747235
0.726455
0.078062
0.210084
0.890518
0.447329
0.968559
0.502170
0.256185
0.798616
0.257425
0.520650
0.436269
0.012280
0.616712
0.177524
0.382748
0.880378
0.478390
0.344807
0.207624
0.554851
0.834477
0.654493
0.982920
0.347727
0.036941
0.298566
0.540591
0.531011
0.597832
0.829057
0.272665
0.136683
0.989120
0.957939
0.931159
0.756775
0.442789
0.357207
0.428029
0.343247
0.750875
0.458889
0.635313
0.008120
0.065341
0.254965
0.184984
0.823416
0.698234
0.097442
0.269065
0.621092
0.921518
0.498330
0.439549
0.793176
0.767195
0.929619
0.408428
0.091642
0.827277
0.623292
0.847717
0.428529
0.053741
0.371367
0.189384
0.675814
0.558631
0.325847
0.425469
0.465489
0.413908
0.798736
0.907958
0.989580
0.451589
0.062001
0.148823
0.800056
0.063661
0.147683
0.620112
0.608932
0.002140
0.647773
0.553791
0.088202
0.179024
0.514250
0.741875
0.669893
0.466309
0.859137
0.336347
0.345967
0.495990
0.754415
0.649233
0.468449
0.460069
0.032081
0.952519
0.549331
0.910558
0.084162
0.278186
0.060601
0.559431
0.662653
0.218264
0.234285
0.078702
0.679534
0.724754
0.862377
0.900398
0.006800
0.909638
0.096842
0.016460
0.276486
0.844917
0.249725
0.778956
0.680574
0.362587
0.593012
0.699834
0.771055
0.854677
0.158683
0.251105
0.259925
0.073141
0.538771
0.664793
0.819216
0.930039
0.685254
0.732875
0.880898
0.297306
0.710134
0.607352
0.436969
0.806996
0.685414
0.600232
0.839457
0.651073
0.443089
0.983520
0.600332
0.381548
0.375168
0.789196
0.191604
0.710434
0.233645
0.609272
0.845297
0.309706
0.930539
0.395748
0.353367
0.611392
0.337807
0.260625
0.867857
0.607472
0.087482
0.275906
0.700734
0.649953
0.371567
0.273585
0.124002
0.250825
0.742055
0.645673
0.169683
0.882118
0.910938
0.144143
0.429769
0.775796
0.550211
0.681034
0.856257
0.723874
0.091882
0.128303
0.561131
0.878358
0.527971
0.117982
0.616412
0.551231
0.210444
0.842077
0.854097
0.014500
0.651333
0.852557
0.666173
0.300186
0.322606
0.861437
0.804656
0.000260
0.456289
0.540711
0.181524
0.066741
0.844377
0.322386
0.668813
0.611632
0.638853
0.198464
0.898498
0.706914
0.151723
0.520950
0.062561
0.184584
0.655013
0.801836
0.713054
0.436669
0.180684
0.513110
0.561931
0.215144
0.320766
0.886798
0.281206
0.432029
0.027241
0.714874
0.302886
0.959319
0.412128
0.149343
0.618972
0.428989
0.547411
0.502230
0.581452
0.033061
0.265085
0.045501
0.702334
0.323546
0.957179
0.811196
0.453609
0.012420
0.375648
0.391268
0.067281
0.771715
0.432529
0.737755
0.335367
0.033381
0.999820
0.962639
0.409848
0.789476
0.709494
0.137903
0.602732
0.391948
0.753575
0.095582
0.186004
0.352827
0.684054
0.227665
0.191684
0.144103
0.212924
0.286146
0.211764
0.997800
0.012200
0.183024
0.198244
0.705874
0.513890
0.790316
0.263125
0.420348
0.709974
0.739995
0.478410
0.453229
0.952459
0.224064
0.676094
0.076502
0.753335
0.794556
0.248165
0.322186
0.584612
0.163423
0.946659
0.782276
0.678294
0.002700
0.683534
0.408748
0.826377
0.744395
0.330807
0.313626
0.180844
0.380468
0.520490
0.568911
0.053721
0.262945
0.444569
0.006580
0.717014
0.903838
0.655053
0.018660
0.202684
0.775116
0.863937
0.357147
0.102762
0.108782
0.743215
0.934039
0.369247
0.696874
0.724894
0.621312
0.114122
0.691354
0.800976
0.050981
0.409408
0.404228
0.323446
0.415068
0.087082
0.107502
0.804336
0.265545
0.539171
0.833197
0.715614
0.314426
0.517650
0.173263
0.289286
0.233705
0.934539
0.079742
0.317366
0.455389
0.661813
0.664633
0.951859
0.971479
0.331487
0.999920
0.504730
0.133943
0.135563
0.917598
0.248005
0.454829
0.626053
0.809676
0.213684
0.406108
0.514930
0.428149
0.993780
0.219784
0.474209
0.685034
0.540251
0.687874
0.935899
0.452309
0.965139
0.962359
0.891978
0.361987
0.340407
0.355227
0.694454
0.606072
0.498090
0.138503
0.855337
0.736555
0.830177
0.344187
0.846617
0.465429
0.088642
0.564271
0.900298
0.464709
0.185524
0.750755
0.808376
0.166383
0.992820
0.015620
0.722854
0.562471
0.142483
0.430909
0.955739
0.004940
0.826577
0.828597
0.779016
0.005820
0.597052
0.600672
0.224684
0.037101
0.165923
0.499150
0.884778
0.330787
0.205204
0.436029
0.711254
0.678874
0.146883
0.283306
0.816136
0.233345
0.982980
0.672993
0.271405
0.306226
0.065441
0.797076
0.909098
0.169503
0.906338
0.207544
0.121162
0.855197
0.977620
0.616432
0.659653
0.955279
0.511290
0.695714
0.436529
0.421748
0.299366
0.877398
0.323806
0.366627
0.493850
0.153463
0.953499
0.861917
0.406728
0.875958
0.517570
0.739595
0.310006
0.556831
0.568051
0.391668
0.235685
0.668113
0.816936
0.570151
0.775776
0.441789
0.936219
0.187024
0.882258
0.669873
0.357887
0.114302
0.667133
0.504350
0.073961
0.984000
0.202404
0.257225
0.436449
0.988080
0.320086
0.200504
0.957339
0.678554
0.412168
0.366187
0.108602
0.767435
0.230645
0.346267
0.122282
0.926719
0.687534
0.092742
0.790376
0.588392
0.654813
0.717634
0.264845
0.744475
0.764495
0.292906
0.857737
0.746955
0.208564
0.650593
0.841017
0.107822
0.539051
0.182664
0.246685
0.299106
0.467929
0.641153
0.666773
0.552791
0.667213
0.938039
0.053241
0.660873
0.568891
0.945319
0.518130
0.775356
0.164963
0.294986
0.133403
0.208224
0.807456
0.179064
0.731095
0.231505
0.008320
0.149543
0.703174
0.877198
0.239605
0.918438
0.801656
0.737275
0.733295
0.157703
0.938539
0.763755
0.281366
0.299386
0.985820
0.068621
0.035841
0.335467
0.575492
0.723914
0.308726
0.617952
0.899578
0.561591
0.372007
0.658833
0.510050
0.973679
0.257685
0.930119
0.118922
0.712154
0.557771
0.663793
0.398208
0.689034
0.224244
0.651873
0.779896
0.776316
0.369127
0.046341
0.255965
0.605992
0.064401
0.159223
0.178444
0.370067
0.142083
0.262505
0.059321
0.620552
0.994180
0.388188
0.370607
0.069421
0.372647
0.128263
0.344287
0.388708
0.189524
0.434749
0.772375
0.010380
0.316806
0.419628
0.806856
0.926479
0.386488
0.154903
0.759735
0.488950
0.590572
0.472589
0.903018
0.209824
0.481050
0.764675
0.268685
0.561111
0.769935
0.783156
0.448769
0.774795
0.129203
0.440029
0.395248
0.642873
0.990900
0.607312
0.220124
0.317346
0.346967
0.916998
0.995420
0.110222
0.549451
0.561071
0.553091
0.293506
0.110322
0.091542
0.285166
0.899198
0.501610
0.220424
0.943659
0.519270
0.955299
0.619712
0.440529
0.105742
0.263365
0.721394
0.647813
0.770635
0.577852
0.517470
0.197484
0.585912
0.210724
0.359947
0.281566
0.383588
0.434009
0.760835
0.452049
0.555671
0.279686
0.192104
0.420928
0.854157
0.339767
0.885798
0.860217
0.191024
0.566251
0.633873
0.201884
0.438309
0.071121
0.588352
0.437969
0.227985
0.926419
0.061221
0.920458
0.752075
0.964099
0.324506
0.161323
0.562551
0.576172
0.410188
0.632613
0.371427
0.514650
0.910278
0.566291
0.850717
0.691534
0.776756
0.754375
0.432389
0.978820
0.121622
0.348847
0.108462
0.008480
0.016900
0.661733
0.230945
0.972579
0.294586
0.965019
0.311826
0.423048
0.346667
0.290686
0.823116
0.071921
0.925159
0.230765
0.996800
0.591212
0.942039
0.737255
0.624872
0.412888
0.269305
0.922138
0.859357
0.528971
0.538991
0.857417
0.012220
0.291446
0.943079
0.375088
0.355507
0.212324
0.033541
0.867177
0.921198
0.763615
0.522430
0.085642
0.301266
0.177284
0.081702
0.942539
0.447749
0.245365
0.143383
0.309806
0.472629
0.119842
0.699474
0.819496
0.447909
0.112722
0.101942
0.663573
0.205584
0.496010
0.862837
0.394048
0.137663
0.301686
0.454109
0.722934
0.996160
0.121762
0.107782
0.322206
0.693034
0.908258
0.615872
0.623892
0.100302
0.773135
0.130343
0.619972
0.849997
0.788416
0.963239
0.662453
0.134063
0.786096
0.386508
0.263325
0.504550
0.158163
0.432189
0.894618
0.673433
0.656653
0.692274
0.788296
0.312706
0.193524
0.118742
0.736375
0.854397
0.640813
0.823636
0.890858
0.290466
0.630493
0.878918
0.563731
0.972959
0.354567
0.116582
0.027001
0.413828
0.365047
0.928679
0.312686
0.085102
0.373927
0.067141
0.012760
0.218784
0.053201
0.444029
0.079242
0.606872
0.834897
0.931319
0.624132
0.401348
0.710974
0.160983
0.719414
0.914238
0.033441
0.325067
0.197084
0.417508
0.314326
0.975560
0.449169
0.943199
0.025601
0.824436
0.227645
0.083262
0.399288
0.543711
0.444529
0.789756
0.227365
0.565391
0.971819
0.174623
0.661853
0.881478
0.441489
0.309906
0.014720
0.843957
0.045561
0.027581
0.558011
0.964839
0.336047
0.719674
0.323686
0.716114
0.024920
0.138143
0.903778
0.329787
0.784216
0.195024
0.250245
0.597872
0.045881
0.762315
0.475130
0.672353
0.801976
0.471989
0.650413
0.865237
0.404448
0.516070
0.608092
0.448509
0.365327
0.446549
0.740175
0.454189
0.156603
0.975440
0.798656
0.474269
0.010280
0.774715
0.695534
0.460749
0.718374
0.276386
0.302806
0.525631
0.432849
0.472469
0.252485
0.740915
0.465729
0.714954
0.736575
0.938599
0.089002
0.515830
0.307046
0.510670
0.334687
0.347107
0.675934
0.209144
0.794776
0.440789
0.515210
0.946039
0.421248
0.588872
0.256885
0.593312
0.326127
0.943359
0.892978
0.782996
0.581412
0.816236
0.775456
0.707074
0.019080
0.479510
0.416328
0.917558
0.031161
0.965199
0.287606
0.126423
0.369647
0.865277
0.621292
0.005700
0.946539
0.131743
0.209364
0.987400
0.633813
0.876638
0.203844
0.063461
0.063481
0.171903
0.916738
0.585952
0.427569
0.849597
0.620012
