1
64
7.66799
11.14337
12.74607
11.81994
8.57065
5.09011
2.41411
2.02437
4.14065
7.76905
11.63512
14.42473
14.66689
12.22556
7.77465
3.2377
-0.63005
-2.33341
-2.76029
-1.74788
-1.19182
-1.21321
-1.9904
-3.95227
-5.42089
-6.08631
-5.43864
-4.05783
-2.34922
-1.99722
-3.01429
-4.97964
-7.86657
-9.70523
-9.43237
-7.26242
-2.77485
1.70115
5.18811
6.19311
4.27113
0.45385
-4.06784
-7.46511
-8.93241
-7.6446
-4.83081
-1.74748
0.46087
0.82655
-0.22981
-2.6908
-4.76262
-5.74045
-5.2145
-4.25409
-2.53457
-1.91931
-1.88648
-2.67367
-3.27646
-2.69262
-0.14991
3.7411
