1
64
8.10815
9.47167
10.03465
9.26558
7.53565
4.83223
1.85697
-0.50706
-2.23238
-2.99477
-3.01617
-1.67357
-0.54498
0.5746
1.38795
1.37775
0.45605
-1.42327
-3.56435
-5.54618
-6.85553
-7.11938
-6.24968
-4.23771
-1.40565
1.38667
3.92199
5.6986
6.70296
6.30406
4.84019
3.0715
1.04621
-0.53815
-1.46497
-0.96432
-0.05409
1.10857
2.65779
3.72564
3.90286
2.72325
0.70001
-2.00615
-4.83854
-7.43914
-9.16351
-9.75053
-9.37321
-7.41097
-5.17433
-2.74104
-0.58031
0.95958
1.4824
1.19093
0.17013
-1.04475
-1.64435
-2.02516
-1.2722
0.69892
3.18069
5.75516
