2
64 64
-0.56196  0.2097  0.83078 0.99019 0.67352 0.08598 -0.50382  -0.89271  -0.99762  -0.84362  -0.51845  -0.12454  0.25372 0.56392 0.78515 0.91996 0.98445 0.99994 0.9873  0.96392 0.94257 0.93128 0.93362 0.94887 0.97202 0.99347 0.99888 0.96948 0.88381 0.72151 0.46995 0.1333  -0.25768  -0.6394 -0.91903  -0.99444  -0.79309  -0.3218 0.29495 0.82217 0.9951  0.66568 -0.05374  -0.76736  -0.98664  -0.48697  0.41567 0.98625 0.66084 -0.32567  -0.98927  -0.55319  0.55122 0.9755  0.10121 -0.9265 -0.59031  0.66873 0.84489 -0.42154  -0.94119  0.28876 0.96105 -0.30112
-0.05582  0.68323 0.99878 0.7769  0.19676 -0.43931  -0.87668  -0.9973 -0.81967  -0.44671  -0.00413  0.40414 0.71556 0.90865 0.99195 0.99048 0.93436 0.85159 0.76454 0.68924 0.63602 0.61076 0.61586 0.65087 0.71229 0.79292 0.88063 0.95732 0.99854 0.97504 0.85737 0.62459 0.27664 -0.15221  -0.58485  -0.90669  -0.99351  -0.76338  -0.23917  0.41169 0.90394 0.9549  0.46811 -0.32764  -0.92968  -0.86719  -0.11199  0.76036 0.95296 0.20766 -0.77281  -0.90317  0.0429  0.94953 0.59903 -0.60047  -0.92166  0.19042 0.99972 0.10556 -0.9808 -0.24544  0.96616 0.23289
0.44314 0.95424 0.89357 0.36607 -0.31161  -0.82476  -0.99991  -0.83184  -0.43126  0.05183 0.48889 0.80221 0.96679 0.99646 0.92567 0.79425 0.63771 0.48299 0.34795 0.24304 0.17351 0.14159 0.14799 0.19257 0.27426 0.39  0.53308 0.69083 0.84245 0.95795 0.99967 0.9282  0.71403 0.35427 -0.10953  -0.58138  -0.9207 -0.98251  -0.68635  -0.09052  0.5761  0.9773  0.8426  0.18015 -0.6277 -0.99998  -0.58685  0.34189 0.97865 0.66248 -0.36004  -0.99746  -0.45469  0.6719  0.91569 -0.12878  -0.99322  -0.31775  0.88166 0.58161 -0.75758  -0.69103  0.71383 0.68163
0.8123  0.98288 0.57798 -0.11395  -0.72143  -0.99373  -0.8766 -0.47365  0.04308 0.51485 0.84136 0.98865 0.97354 0.84019 0.63948 0.41577 0.20116 0.01508 -0.1332 -0.24109  -0.30943  -0.33999  -0.33391  -0.29093  -0.2096 -0.08823  0.0732  0.27025 0.49064 0.71091 0.8946  0.9942  0.95922 0.75202 0.37021 -0.13106  -0.62949  -0.95484  -0.94753  -0.54771  0.12465 0.76327 0.99682 0.62108 -0.18848  -0.88576  -0.89842  -0.1396 0.76743 0.93671 0.12037 -0.84713  -0.81977  0.24527 0.99716 0.35212 -0.82223  -0.72589  0.55669 0.89556 -0.36219  -0.94958  0.30122 0.94545
0.98728 0.7971  0.15264 -0.54569  -0.95477  -0.93904  -0.56936  -0.03041  0.48478 0.84355 0.99418 0.95166 0.76897 0.50952 0.22876 -0.03422  -0.25754  -0.4331 -0.56184  -0.64918  -0.70158  -0.72424  -0.71977  -0.68763  -0.62426  -0.52385  -0.37996  -0.18824  0.04979 0.32193 0.60081 0.84149 0.98448 0.96724 0.74614 0.32554 -0.21616  -0.7216 -0.99054  -0.86374  -0.33164  0.39433 0.92744 0.90575 0.27001 -0.58519  -0.99996  -0.56718  0.40026 0.99446 0.5511  -0.5206 -0.98925  -0.21357  0.85851 0.73309 -0.48144  -0.95667  0.12703 1 0.09227 -0.98963  -0.1564 0.99141
0.96178 0.46658 -0.28002  -0.8491 -0.99088  -0.70525  -0.16788  0.39552 0.80942 0.99158 0.94634 0.73221 0.42609 0.09741 -0.20479  -0.45403  -0.64232  -0.77391  -0.85918  -0.91011  -0.93725  -0.94803  -0.94595  -0.93031  -0.89625  -0.83515  -0.73577  -0.58625  -0.37764  -0.10907  0.20597 0.53372 0.81764 0.98377 0.95782 0.69515 0.21743 -0.36074  -0.83935  -0.99585  -0.69978  -0.03171  0.68197 1 0.65218 -0.18696  -0.90243  -0.86247  -0.02525  0.85648 0.85249 -0.11027  -0.95816  -0.607  0.56077 0.95206 -0.0652 -0.98999  -0.30475  0.90519 0.50507 -0.83582  -0.55976  0.84285
0.77224 0.07426 -0.64032  -0.98944  -0.85449  -0.36318  0.24005 0.72959 0.97665 0.96072 0.73836 0.39904 0.02908 -0.30841  -0.57887  -0.77225  -0.89508  -0.9625 -0.99207  -0.99987  -0.99849  -0.99619  -0.99674  -0.99937  -0.99883  -0.98537  -0.9451 -0.86114  -0.7162 -0.49721  -0.20223  0.15132 0.51946 0.83012 0.99286 0.9245  0.58936 0.04201 -0.5522 -0.94924  -0.92694  -0.42848  0.33288 0.91693 0.90077 0.22118 -0.65508  -0.99286  -0.42263  0.57885 0.99036 0.29609 -0.76396  -0.874  0.18318 0.99498 0.33899 -0.85111  -0.65996  0.65995 0.80788 -0.5468 -0.84426  0.55758
0.47699 -0.30582  -0.88197  -0.97141  -0.59674  0.01344 0.58716 0.93307 0.98582 0.7861  0.43092 0.02534 -0.34857  -0.64318  -0.8428 -0.95436  -0.99703  -0.99391  -0.96663  -0.9327 -0.90472  -0.89048  -0.8934 -0.91281  -0.94387  -0.97722  -0.99864  -0.98904  -0.92592  -0.78674  -0.55533  -0.23112  0.16039 0.55984 0.87531 0.99998 0.84969 0.41428 -0.19855  -0.76154  -1  -0.73653  -0.04575  0.69985 0.99794 0.57135 -0.32325  -0.96495  -0.73215  0.23011 0.96986 0.63323 -0.46559  -0.99253  -0.19956  0.88452 0.66759 -0.59154  -0.89386  0.32936 0.97011 -0.19221  -0.98376  0.20488
0.13762 -0.62095  -0.99135  -0.82598  -0.27662  0.36405 0.83421 0.99996 0.86394 0.51868 0.08624 -0.32766  -0.65578  -0.87128  -0.9782 -0.99844  -0.96047  -0.89176  -0.8149 -0.74642  -0.69725  -0.67372  -0.67848  -0.71102  -0.76753  -0.84028  -0.91656  -0.97782  -0.9996 -0.95351  -0.8122 -0.55835  -0.19678  0.23287 0.64949 0.93827 0.98081 0.70775 0.15862 -0.48514  -0.93601  -0.92729  -0.39395  0.40413 0.95679 0.82336 0.03  -0.81113  -0.92485  -0.12663  0.82232 0.86487 -0.12481  -0.97208  -0.53124  0.66411 0.88669 -0.2704 -0.99441  -0.02354  0.9935  0.165 -0.98408  -0.15223
-0.1939 -0.84317  -0.97975  -0.59619  0.0529  0.64865 0.96869 0.94784 0.65172 0.21052 -0.24435  -0.61865  -0.86663  -0.98388  -0.99232  -0.92527  -0.8166 -0.69472  -0.58051  -0.48771  -0.42445  -0.39497  -0.4009 -0.44193  -0.51566  -0.61674  -0.73536  -0.85554  -0.95384  -0.99963  -0.95834  -0.79898  -0.50663  -0.09802  0.36507 0.77352 0.99064 0.89989 0.47282 -0.17246  -0.76941  -0.99873  -0.6729 0.08273 0.80907 0.96369 0.35527 -0.57523  -0.99838  -0.4441 0.59098 0.98149 0.20657 -0.84187  -0.77912  0.38306 0.98915 0.05935 -0.97424  -0.34922  0.90164 0.47851 -0.87182  -0.46711
-0.48151  -0.96629  -0.87331  -0.32547  0.35242 0.84845 0.99841 0.80705 0.39182 -0.09499  -0.52617  -0.82728  -0.97694  -0.99189  -0.90844  -0.76722  -0.60379  -0.44466  -0.30707  -0.20085  -0.13074  -0.09864  -0.10507  -0.14994  -0.2324 -0.34981  -0.49598  -0.6589 -0.81835  -0.94464  -0.99985  -0.94343  -0.74365  -0.39439  0.06643 0.54563 0.90296 0.98964 0.71716 0.13351 -0.54021  -0.96722  -0.86511  -0.22253  0.59344 0.99932 0.62133 -0.30091  -0.96885  -0.69427  0.31935 0.99345 0.4928  -0.63923  -0.93222  0.08576 0.98726 0.35847 -0.86043  -0.61625  0.72863 0.72165 -0.68287  -0.71264
-0.70587  -0.99978  -0.70377  -0.05021  0.59834 0.96202 0.94355 0.61143 0.12104 -0.36758  -0.74154  -0.95071  -0.99781  -0.91763  -0.75671  -0.55904  -0.3588 -0.17856  -0.03084  0.07897 0.14959 0.18146 0.1751  0.13039 0.04671 -0.07602  -0.23546  -0.42421  -0.62666  -0.81644  -0.95568  -0.99839  -0.90001  -0.63397  -0.21315  0.29158 0.74819 0.9906  0.88243 0.40336 -0.28539  -0.85873  -0.97034  -0.48441  0.3467  0.94979 0.81441 -0.02438  -0.86203  -0.86676  0.04376 0.92269 0.71496 -0.40065  -0.99604  -0.19416  0.90431 0.60351 -0.68517  -0.81064  0.50988 0.88545 -0.45325  -0.87937
-0.86187  -0.9621 -0.50154  0.20364 0.7813  0.99978 0.82931 0.39178 -0.13357  -0.59052  -0.88693  -0.9982 -0.94879  -0.78751  -0.56707  -0.33152  -0.11144  0.07572 0.22259 0.32816 0.39444 0.42393 0.41807 0.37655 0.29746 0.17826 0.01761 -0.18176  -0.40954  -0.64415  -0.85035  -0.98034  -0.98091  -0.80873  -0.45298  0.04055 0.55638 0.92394 0.97263 0.62137 -0.0341 -0.70149  -0.99994  -0.68964  0.09858 0.83999 0.93456 0.22888 -0.70608  -0.96462  -0.20996  0.79542 0.86836 -0.15628  -0.98621  -0.43561  0.76719 0.78532 -0.47901  -0.93224  0.27611 0.97411 -0.21344  -0.97111
-0.9546 -0.87492  -0.29173  0.42088 0.90274 0.97841 0.68056 0.17235 -0.35537  -0.75853  -0.96872  -0.98569  -0.85212  -0.62679  -0.36497  -0.10836  0.1174  0.30042 0.43839 0.53432 0.59302 0.61873 0.61364 0.5773  0.50672 0.39729 0.24445 0.04655 -0.19142  -0.45339  -0.70846  -0.90982  -0.99943  -0.92127  -0.6438 -0.18766  0.35291 0.81279 0.99999 0.78323 0.19401 -0.5211 -0.97122  -0.83621  -0.13023  0.69464 0.99098 0.44419 -0.5266 -0.9993 -0.42674  0.63681 0.95837 0.07236 -0.92275  -0.62884  0.60128 0.9055  -0.2669 -0.99009  0.05037 1 0.01425 -0.99993
-0.99509  -0.75907  -0.09252  0.59543 0.97102 0.9165  0.51854 -0.03016  -0.53685  -0.87452  -0.99888  -0.93132  -0.72885  -0.45648  -0.1694 0.09467 0.31557 0.48688 0.6109  0.69404 0.74343 0.76466 0.76048 0.73032 0.67041 0.57446 0.43527 0.24735 0.01077 -0.26402  -0.55131  -0.80724  -0.97204  -0.98084  -0.78508  -0.38219  0.15665 0.67837 0.98042 0.89266 0.38815 -0.33797  -0.90309  -0.92974  -0.32781  0.53503 0.99762 0.616 -0.34404  -0.98627  -0.60061  0.46795 0.99629 0.27232 -0.82589  -0.77293  0.42749 0.97255 -0.06675  -0.99805  -0.15239  0.97912 0.21591 -0.98167
-0.99694  -0.63226  0.08466 0.72787 0.99796 0.83151 0.3595  -0.2061 -0.67732  -0.94638  -0.99156  -0.85243  -0.59657  -0.29229  0.00719 0.26888 0.47808 0.6334  0.74103 0.8102  0.8498  0.86639 0.86314 0.83942 0.79084 0.7099  0.58733 0.41448 0.18708 -0.08965  -0.39541  -0.6904 -0.91534  -0.99983  -0.88207  -0.53928  -0.02012  0.53805 0.93027 0.9582  0.54471 -0.16656  -0.81313  -0.98013  -0.4894 0.37752 0.9698  0.74536 -0.17293  -0.94164  -0.73229  0.30463 0.99584 0.43787 -0.71342  -0.87277  0.26123 0.99835 0.1104  -0.97136  -0.32442  0.92788 0.38485 -0.93262
-0.97372  -0.50814  0.23403 0.823 0.99617 0.73818 0.21459 -0.35137  -0.78056  -0.98429  -0.96065  -0.76378  -0.46866  -0.14466  0.15798 0.41112 0.60513 0.7429  0.83386 0.88937 0.9196  0.93181 0.92945 0.91181 0.87413 0.80804 0.70272 0.54704 0.33315 0.06165 -0.2523 -0.57335  -0.84411  -0.9912 -0.94306  -0.66016  -0.17074  0.40471 0.86427 0.9904  0.665 -0.01588  -0.716  -0.99884  -0.61537  0.23349 0.92191 0.83741 -0.02235  -0.88007  -0.82665  0.15744 0.9707  0.5685  -0.59953  -0.93643  0.11261 0.99558 0.25909 -0.92439  -0.46343  0.861 0.5197  -0.8675
-0.93756  -0.39634  0.35387 0.88762 0.97739 0.64794 0.09066 -0.46579  -0.85266  -0.99865  -0.91833  -0.67699  -0.35441  -0.01968  0.28033 0.52198 0.70001 0.82084 0.89639 0.9396  0.96154 0.96991 0.96832 0.95603 0.92804 0.87542 0.78624 0.64751 0.44854 0.18609 -0.12921  -0.4663 -0.77037  -0.96683  -0.97727  -0.74898  -0.29272  0.28708 0.79451 0.99991 0.75325 0.10939 -0.62299  -0.99701  -0.70919  0.10995 0.86617 0.89924 0.10296 -0.81372  -0.89058  0.0326  0.93299 0.66699 -0.49464  -0.97298  -0.01264  0.97601 0.37794 -0.86938  -0.57069  0.79057 0.62254 -0.79842
-0.89836  -0.30315  0.44506 0.929 0.95155 0.56905 -0.00874  -0.55141  -0.90035  -0.99887  -0.87445  -0.60051  -0.25974  0.07976 0.37432 0.60415 0.76751 0.87353 0.936 0.96896 0.98407 0.9893  0.98834 0.98044 0.96046 0.91912 0.84375 0.72002 0.53513 0.28279 -0.03004  -0.37609  -0.7032 -0.93667  -0.9935 -0.81111  -0.38628  0.19048 0.73024 0.99628 0.81488 0.20761 -0.54218  -0.98441  -0.77573  0.01065 0.81222 0.93825 0.20128 -0.75194  -0.93137  -0.06687  0.89261 0.73773 -0.40584  -0.99111  -0.11194  0.94954 0.46806 -0.81598  -0.64946  0.72581 0.69722 -0.73464
-0.86365  -0.2323 0.50967 0.95368 0.92638 0.50708 -0.08221  -0.61123  -0.9299 -0.99268  -0.83644  -0.54012  -0.18806  0.15281 0.44146 0.66108 0.81255 0.90694 0.95934 0.98451 0.99448 0.99735 0.99686 0.99225 0.97833 0.94559 0.88091 0.76908 0.59577 0.35252 0.04351 -0.30697  -0.64904  -0.90839  -0.99918  -0.85191  -0.45303  0.11781 0.67805 0.98725 0.85527 0.27895 -0.47896  -0.96882  -0.82001  -0.06287  0.76715 0.96114 0.27273 -0.70145  -0.95561  -0.14002  0.85706 0.78535 -0.33757  -0.99821  -0.18467  0.92392 0.53174 -0.77128  -0.70359  0.67329 0.74802 -0.68279
-0.83868  -0.18575  0.55003 0.96692 0.90741 0.46549 -0.12954  -0.6482 -0.94635  -0.98581  -0.80941  -0.49946  -0.14112  0.19966 0.48366 0.69604 0.83936 0.92596 0.97168 0.99173 0.99834 0.99968 0.9995  0.99704 0.98707 0.96  0.90244 0.79862 0.63331 0.39665 0.091 -0.26134  -0.61211  -0.88747  -0.99997  -0.87586  -0.49493  0.07042 0.64231 0.97855 0.87896 0.32432 -0.43665  -0.95593  -0.84632  -0.11029  0.73576 0.97319 0.3182  -0.66674  -0.96855  -0.18698  0.83157 0.81391 -0.29239  -0.99992  -0.23122  0.90467 0.57144 -0.74013  -0.73661  0.63734 0.77876 -0.64725
-0.8267 -0.16445  0.56797 0.97221 0.8981  0.44624 -0.15096  -0.66452  -0.95312  -0.98194  -0.79652  -0.4806 -0.11966  0.22081 0.50248 0.71141 0.85092 0.93391 0.97657 0.99428 0.99936 0.99999 0.99995 0.99847 0.99031 0.96583 0.91155 0.81146 0.64991 0.41642 0.11252 -0.24039  -0.59486  -0.87729  -0.99959  -0.88609  -0.51362  0.04883 0.62558 0.97387 0.88907 0.34471 -0.41708  -0.94936  -0.85764  -0.13177  0.72094 0.97794 0.33864 -0.65046  -0.9737 -0.20819  0.81936 0.82629 -0.27164  -0.99996  -0.25222  0.89524 0.58906 -0.7254 -0.75107  0.62052 0.79215 -0.63061
-0.82913  -0.16872  0.5644  0.97119 0.9 0.4501  -0.14668  -0.66128  -0.9518 -0.98275  -0.79913  -0.48439  -0.12396  0.21659 0.49873 0.70836 0.84864 0.93236 0.97563 0.99381 0.99919 0.99997 0.9999  0.99822 0.9897  0.9647  0.90976 0.80892 0.64661 0.41248 0.10822 -0.24459  -0.59833  -0.87936  -0.9997 -0.88408  -0.5099 0.05315 0.62895 0.97484 0.88708 0.34065 -0.42101  -0.95071  -0.85541  -0.12748  0.72393 0.97702 0.33456 -0.65374  -0.97271  -0.20395  0.82183 0.82385 -0.2758 -0.99999  -0.24803  0.89716 0.58556 -0.72837  -0.7482 0.62391 0.7895  -0.63396
-0.84568  -0.19849  0.53914 0.96352 0.91279 0.47694 -0.11666  -0.63826  -0.94208  -0.9879 -0.81697  -0.51066  -0.15396  0.18693 0.47226 0.68666 0.83223 0.92098 0.96853 0.98999 0.99751 0.99927 0.999 0.99596 0.98491 0.95628 0.89677 0.79074 0.62321 0.3847  0.07806 -0.27385  -0.62232  -0.89338  -0.99998  -0.86952  -0.48361  0.08337 0.65221 0.98115 0.8727  0.31202 -0.44829  -0.95966  -0.83933  -0.09738  0.74449 0.97012 0.30587 -0.67636  -0.96523  -0.17421  0.83871 0.8063  -0.30478  -0.99968  -0.21857  0.91013 0.56074 -0.74879  -0.72776  0.64729 0.77055 -0.65709
-0.87435  -0.25328  0.49094 0.94695 0.93431 0.52561 -0.06063  -0.59397  -0.92173  -0.99506  -0.8481 -0.5582 -0.20927  0.1314  0.42195 0.6447  0.79975 0.89762 0.95301 0.98048 0.99197 0.99554 0.99491 0.98933 0.97362 0.93833 0.87047 0.75507 0.57826 0.3322  0.02188 -0.32749  -0.66535  -0.91723  -0.99807  -0.84038  -0.43363  0.13926 0.69379 0.99046 0.84386 0.25811 -0.49784  -0.97395  -0.80744  -0.04127  0.78085 0.95494 0.25185 -0.7167 -0.94901  -0.11857  0.868 0.77177 -0.35785  -0.99668  -0.16336  0.93198 0.5133  -0.78487  -0.68805  0.68912 0.73349 -0.69844
-0.91125  -0.33188  0.41773 0.91736 0.96043 0.5937  0.02155 -0.52589  -0.88676  -0.99985  -0.88875  -0.62445  -0.28887  0.04954 0.34607 0.57974 0.74774 0.85839 0.92491 0.96102 0.97824 0.98443 0.98327 0.97403 0.95159 0.90676 0.8271  0.69868 0.5093  0.25361 -0.0603 -0.40398  -0.72441  -0.94684  -0.9896 -0.79303  -0.35817  0.22012 0.7506  0.99843 0.79695 0.17789 -0.56738  -0.98928  -0.75626  0.04093 0.82952 0.92735 0.17153 -0.77156  -0.91991  -0.03662  0.90585 0.71694 -0.43333  -0.98662  -0.08179  0.95861 0.44108 -0.83311  -0.62613  0.74631 0.67519 -0.75485
-0.95039  -0.43179  0.31719 0.86902 0.98488 0.67711 0.12937 -0.43098  -0.83167  -0.99587  -0.93304  -0.70513  -0.39055  -0.05859  0.24274 0.48837 0.67168 0.79798 0.87845 0.92556 0.95012 0.9597  0.95786 0.94389 0.91284 0.85594 0.76158 0.61735 0.41341 0.14769 -0.16772  -0.50039  -0.79461  -0.97604  -0.96828  -0.72261  -0.25527  0.32416 0.81755 0.99864 0.72707 0.0706  -0.65297  -0.99927  -0.6812 0.14857 0.88497 0.88152 0.06415 -0.83573  -0.8722 0.07149 0.94629 0.63748 -0.5281 -0.96325  0.0263  0.98374 0.3416  -0.88796  -0.53829  0.81381 0.5916  -0.82126
-0.98346  -0.54854  0.1875  0.79504 0.9992  0.76944 0.26082 -0.30643  -0.74994  -0.97477  -0.97278  -0.79363  -0.51016  -0.19158  0.11082 0.36728 0.56656 0.7102  0.80665 0.8666  0.89987 0.91349 0.91084 0.89124 0.85003 0.77909 0.66807 0.50659 0.28791 0.01409 -0.29806  -0.61169  -0.86867  -0.99637  -0.92616  -0.62367  -0.12366  0.44776 0.88722 0.9827  0.62871 -0.06344  -0.7484 -0.99541  -0.57717  0.27949 0.9393  0.81045 -0.06989  -0.90167  -0.79894  0.20425 0.98103 0.52871 -0.63693  -0.91867  0.15976 0.99892 0.21283 -0.94149  -0.42074  0.88422 0.47846 -0.89019
-0.99976  -0.67483  0.02851 0.68817 0.99279 0.86143 0.41139 -0.15075  -0.63488  -0.92672  -0.99728  -0.88048  -0.64075  -0.3456 -0.04904  0.2143  0.42794 0.58889 0.70211 0.77597 0.81882 0.83694 0.83339 0.80753 0.75518 0.66918 0.5409  0.36265 0.13155 -0.1455 -0.44643  -0.72998  -0.93654  -0.9972 -0.85419  -0.49108  0.03612 0.58459 0.94942 0.9406  0.4967  -0.22173  -0.84457  -0.96743  -0.43959  0.42899 0.98198 0.7067  -0.22803  -0.95908  -0.69284  0.3577  0.99939 0.38662 -0.75169  -0.84395  0.31509 0.99354 0.05434 -0.98318  -0.27073  0.94737 0.33235 -0.95143
-0.98658  -0.7997 -0.15691  0.54206 0.95347 0.94052 0.57291 0.03474 -0.48099  -0.84122  -0.9937 -0.95298  -0.77173  -0.51323  -0.23297  0.02989 0.25335 0.4292  0.55826 0.64588 0.69849 0.72125 0.71675 0.68448 0.62087 0.52016 0.37596 0.18399 -0.05411  -0.32602  -0.60426  -0.84382  -0.98523  -0.96614  -0.74325  -0.32144  0.22038 0.72459 0.99113 0.86155 0.32756 -0.3983 -0.92905  -0.9039 -0.26584  0.5887  0.99999 0.56361 -0.40422  -0.9949 -0.54748  0.52429 0.98861 0.20934 -0.86072  -0.73014  0.48523 0.9554  -0.13133  -1  -0.08796  0.99025 0.15213 -0.99196
-0.93012  -0.90815  -0.36124  0.35307 0.86868 0.99095 0.73257 0.24428 -0.28571  -0.70858  -0.94786  -0.99541  -0.88828  -0.68236  -0.43241  -0.18113  0.0441  0.22951 0.37115 0.47075 0.53224 0.55932 0.55395 0.51572 0.44199 0.32877 0.17253 -0.02699  -0.26304  -0.51767  -0.75841  -0.93786  -0.9992 -0.89019  -0.58582  -0.11496  0.42072 0.8534  0.9969  0.73541 0.12138 -0.58242  -0.9861 -0.79364  -0.05701  0.74563 0.97845 0.37714 -0.58766  -0.99384  -0.35911  0.69175 0.93479 -0.00114  -0.94858  -0.56999  0.65838 0.87186 -0.33701  -0.97709  0.12364 0.99739 -0.05928  -0.99637
-0.81731  -0.98125  -0.5709 0.12255 0.7274  0.99466 0.8724  0.46601 -0.05173  -0.52225  -0.84601  -0.98991  -0.97153  -0.83547  -0.6328 -0.40788  -0.19268  -0.00643  0.14177 0.24948 0.31764 0.34812 0.34205 0.2992  0.21805 0.09685 -0.06456  -0.26191  -0.48308  -0.70479  -0.8907 -0.99323  -0.96163  -0.75769  -0.37823  0.12248 0.62274 0.95224 0.95027 0.55493 -0.11606  -0.75765  -0.99748  -0.62784  0.17998 0.88171 0.90218 0.14816 -0.76185  -0.9397 -0.12896  0.8425  0.8247  -0.23687  -0.99647  -0.36021  0.81727 0.73182 -0.54948  -0.89938  0.35411 0.95226 -0.29296  -0.94823
-0.63867  -0.99755  -0.76533  -0.14064  0.52316 0.93328 0.96971 0.68072 0.21062 -0.28166  -0.67759  -0.91865  -0.99969  -0.94991  -0.81291  -0.63198  -0.44202  -0.26711  -0.12142  -0.01182  0.05925 0.09147 0.08504 0.03988 -0.04413  -0.16619  -0.32269  -0.50463  -0.69479  -0.86547  -0.97845  -0.98913  -0.85674  -0.56118  -0.12361  0.37718 0.80531 0.99893 0.83609 0.31866 -0.37118  -0.90169  -0.9444 -0.40302  0.43039 0.97427 0.75839 -0.115  -0.90447  -0.81793  0.13424 0.95387 0.64857 -0.48215  -0.98386  -0.10434  0.93931 0.52866 -0.74844  -0.75416  0.58584 0.83962 -0.53227  -0.83253
-0.39204  -0.93592  -0.9174 -0.41781  0.25769 0.79166 0.99907 0.86173 0.4813  0.0044  -0.43907  -0.76737  -0.9509 -0.99961  -0.94548  -0.82715  -0.68001  -0.53146  -0.40011  -0.29719  -0.22861  -0.19703  -0.20336  -0.24744  -0.32789  -0.44116  -0.57981  -0.73039  -0.87141  -0.97257  -0.99664  -0.90581  -0.67354  -0.30113  0.16524 0.6262  0.94119 0.97048 0.64437 0.03438 -0.62115  -0.98767  -0.81099  -0.12456  0.67048 0.99804 0.5404  -0.39418  -0.98866  -0.61932  0.41193 0.99989 0.4039  -0.71248  -0.89165  0.18434 0.99819 0.26393 -0.9068 -0.53495  0.79308 0.6493  -0.75208  -0.63941
-0.08685  -0.7802 -0.99564  -0.67939  -0.05523  0.56268 0.93622 0.97671 0.7298  0.31484 -0.13822  -0.5302 -0.80769  -0.95882  -0.99987  -0.96081  -0.87414  -0.76832  -0.66503  -0.57911  -0.51973  -0.49185  -0.49747  -0.5362 -0.60516  -0.69813  -0.80423  -0.90644  -0.98069  -0.99671  -0.92189  -0.72937  -0.41058  0.01001 0.46346 0.83743 0.99959 0.84754 0.37492 -0.2778 -0.83388  -0.98744  -0.5891 0.18985 0.86779 0.92923 0.25227 -0.66019  -0.98639  -0.34476  0.67463 0.95507 0.09972 -0.89522  -0.70689  0.48055 0.9675  -0.04877  -0.9929 -0.24601  0.94307 0.3809  -0.91961  -0.36892
0.25215 -0.52535  -0.9693 -0.88606  -0.38676  0.25299 0.76424 0.99212 0.91676 0.61481 0.20179 -0.21529  -0.5633 -0.80813  -0.94733  -0.99814  -0.98637  -0.93843  -0.87691  -0.8189 -0.77606  -0.75527  -0.75949  -0.78814  -0.83702  -0.89775  -0.95693  -0.99557  -0.9895 -0.91187  -0.73866  -0.45783  -0.08115  0.34465 0.7337  0.97219 0.95139 0.62058 0.04244 -0.58376  -0.97066  -0.87732  -0.28412  0.508 0.98416 0.75159 -0.08672  -0.87378  -0.8742 -0.01013  0.88305 0.80045 -0.23962  -0.99281  -0.42886  0.74673 0.82674 -0.38079  -0.97533  0.09316 1 0.0489  -0.99809  -0.03598
0.58324 -0.18425  -0.81605  -0.99349  -0.69249  -0.11181  0.48122 0.88071 0.99907 0.85728 0.54048 0.15026 -0.22852  -0.54229  -0.76881  -0.90947  -0.97956  -0.99989  -0.99109  -0.9705 -0.95092  -0.94043  -0.94261  -0.95674  -0.97779  -0.9961 -0.99732  -0.96279  -0.87136  -0.70329  -0.44687  -0.10753  0.28267 0.65914 0.92895 0.99137 0.77701 0.29711 -0.31965  -0.83667  -0.9922 -0.64608  0.07964 0.78375 0.98208 0.46414 -0.43915  -0.99021  -0.64114  0.35011 0.99273 0.53138 -0.57269  -0.96946  -0.07534  0.93595 0.56916 -0.68781  -0.83072  0.44494 0.93211 -0.31352  -0.95355  0.32577
0.85027 0.20697 -0.53183  -0.96117  -0.91629  -0.48453  0.10806 0.63157 0.93914 0.98921 0.82193 0.51809 0.1625  -0.17842  -0.46461  -0.68034  -0.8274 -0.91757  -0.96634  -0.98873  -0.99687  -0.9989 -0.99858  -0.99514  -0.98337  -0.95372  -0.8929 -0.78541  -0.61642  -0.3767 -0.06943  0.28216 0.62907 0.89723 0.99989 0.86521 0.47602 -0.09199  -0.65874  -0.98278  -0.86844  -0.30378  0.45601 0.96206 0.8346  0.08876 -0.75024  -0.96798  -0.29762  0.68271 0.96294 0.16568 -0.84339  -0.80115  0.31301 0.99942 0.21012 -0.91368  -0.55355  0.7545  0.7218  -0.65386  -0.765  0.66359
0.99096 0.5877  -0.14055  -0.76528  -0.99997  -0.79896  -0.30646  0.26079 0.71761 0.96305 0.9827  0.82168 0.55051 0.23806 -0.06341  -0.3226 -0.52671  -0.6759 -0.77762  -0.84188  -0.87809  -0.8931 -0.89017  -0.86865  -0.824  -0.74838  -0.63191  -0.46499  -0.24202  0.03351 0.34314 0.64863 0.89125 0.99929 0.90717 0.58577 0.0763  -0.4898 -0.90817  -0.97277  -0.591  0.11086 0.77911 0.98974 0.53766 -0.32486  -0.95456  -0.78166  0.11728 0.92122 0.76942 -0.2506 -0.98914  -0.48772  0.67289 0.89884 -0.20655  -1  -0.1661 0.95646 0.3771  -0.90544  -0.43614  0.91086
0.95198 0.87908 0.3 -0.41302  -0.89898  -0.98016  -0.68688  -0.18087  0.34727 0.75286 0.96653 0.98711 0.85662 0.63351 0.37302 0.11696 -0.1088 -0.29216  -0.4306 -0.52698  -0.58603  -0.61191  -0.60679  -0.57021  -0.49924  -0.38933  -0.23605  -0.0379 0.19991 0.46109 0.71454 0.91337 0.99969 0.91787 0.63715 0.17915 -0.36099  -0.8178 -0.9999 -0.77782  -0.18551  0.52847 0.97325 0.83143 0.12164 -0.70084  -0.98978  -0.43642  0.53394 0.99894 0.41889 -0.64346  -0.95586  -0.06373  0.92605 0.62208 -0.60817  -0.90179  0.27523 0.98884 -0.05902  -0.99997  -0.00559  0.99979
0.70892 0.99968 0.70069 0.04589 -0.60181  -0.96319  -0.9421 -0.608  -0.11675  0.3716  0.74443 0.95205 0.99752 0.9159  0.75387 0.55545 0.35476 0.1743  0.02651 -0.08328  -0.15387  -0.18572  -0.17936  -0.13468  -0.05103  0.0717  0.23126 0.42028 0.62328 0.81394 0.9544  0.99863 0.90188 0.63731 0.21737 -0.28743  -0.74531  -0.99 -0.88445  -0.40732  0.28124 0.85651 0.97138 0.48819 -0.34264  -0.94843  -0.81691  0.02005 0.85983 0.86891 -0.03943  -0.92101  -0.71798  0.39668 0.99642 0.19841 -0.90245  -0.60696  0.68201 0.81317 -0.50616  -0.88745  0.44939 0.88142
0.28627 0.89046 0.95628 0.51717 -0.14758  -0.71806  -0.9879 -0.91324  -0.57667  -0.11664  0.33542 0.69053 0.91013 0.99642 0.97607 0.88502 0.75803 0.6232  0.50048 0.40251 0.33646 0.30585 0.312 0.35466 0.43188 0.53913 0.66762 0.80245 0.92097 0.99253 0.98115 0.85252 0.58629 0.19217 -0.27493  -0.70978  -0.97317  -0.93727  -0.55444  0.07804 0.70521 0.999 0.74017 0.01238 -0.74954  -0.98471  -0.44252  0.49487 0.99927 0.52726 -0.51163  -0.99525  -0.29864  0.78676 0.83518 -0.29352  -0.99863  -0.15397  0.9484  0.43671 -0.85645  -0.55981  0.82132 0.54905
-0.23115  0.54363 0.97439 0.87582 0.36671 -0.27386  -0.77802  -0.9946 -0.9079 -0.5976 -0.18055  0.23636 0.58104 0.82069 0.95404 0.99923 0.98258 0.93074 0.8663  0.80629 0.76223 0.74091 0.74524 0.77464 0.82499 0.88801 0.95043 0.9933  0.9924  0.92054 0.75307 0.47696 0.10269 -0.32426  -0.71883  -0.9669 -0.95783  -0.6374 -0.06405  0.56606 0.96523 0.8875  0.3048  -0.48924  -0.9801 -0.76569  0.06515 0.86305 0.8845  0.03176 -0.87269  -0.81323  0.21856 0.98998 0.44831 -0.73217  -0.83872  0.36069 0.97988 -0.0716 -0.99982  -0.0705 0.99652 0.05759
-0.70528  0.0252  0.71347 0.99895 0.79864 0.26881 -0.33532  -0.79394  -0.99316  -0.92839  -0.6677 -0.30595  0.07039 0.4014  0.65702 0.83155 0.93496 0.98469 0.99965 0.99653 0.98809 0.9826  0.98378 0.99089 0.9987  0.99743 0.97289 0.90739 0.782 0.58096 0.29854 -0.05235  -0.43198  -0.7706 -0.97609  -0.9578 -0.66672  -0.14108  0.46663 0.91329 0.95964 0.51614 -0.23754  -0.87274  -0.93947  -0.31699  0.57676 0.9998  0.51059 -0.49496  -0.99922  -0.38953  0.69606 0.91795 -0.08459  -0.98012  -0.43079  0.79474 0.73135 -0.58203  -0.86244  0.4609  0.89334 -0.47233
-0.97752  -0.52297  0.21717 0.81304 0.99753 0.74975 0.23146 -0.33512  -0.76963  -0.98109  -0.96531  -0.77484  -0.48388  -0.16176  0.14087 0.39528 0.59126 0.7312  0.82418 0.88132 0.91266 0.92539 0.92292 0.90457 0.86559 0.79772 0.6903  0.53247 0.31678 0.04436 -0.26901  -0.58745  -0.85326  -0.99334  -0.93716  -0.64706  -0.15366  0.42048 0.87284 0.98785 0.65198 -0.03319  -0.72797  -0.99785  -0.60163  0.25029 0.92847 0.82782 -0.03965  -0.88816  -0.81679  0.17451 0.97471 0.55417 -0.61329  -0.93022  0.12979 0.99706 0.24233 -0.93086  -0.44802  0.86967 0.50483 -0.87598
-0.92527  -0.9135 -0.37332  0.3409  0.86217 0.99261 0.74135 0.25685 -0.27325  -0.69937  -0.94364  -0.99657  -0.89417  -0.69179  -0.44408  -0.19388  0.03112 0.21685 0.35906 0.45926 0.52121 0.54851 0.5431  0.50456 0.43031 0.31648 0.15972 -0.03997  -0.27554  -0.52874  -0.76681  -0.94228  -0.9986 -0.88421  -0.57525  -0.10206  0.43246 0.8601  0.9958  0.72655 0.10848 -0.59292  -0.98817  -0.78568  -0.04404  0.75422 0.97568 0.36509 -0.59812  -0.99232  -0.34697  0.70107 0.9301  -0.01412  -0.95261  -0.55928  0.6681  0.86543 -0.34921  -0.97425  0.13651 0.99637 -0.07224  -0.99519
-0.52635  -0.97835  -0.84685  -0.27595  0.40052 0.87477 0.99414 0.77531 0.34354 -0.14653  -0.56959  -0.85533  -0.98671  -0.98396  -0.88552  -0.7329 -0.56161  -0.39757  -0.25726  -0.14973  -0.07911  -0.04685  -0.05331  -0.09842  -0.1816 -0.30071  -0.45025  -0.61897  -0.78742  -0.92634  -0.99759  -0.95937  -0.77735  -0.44156  0.01455 0.5014  0.87944 0.99576 0.75237 0.18477 -0.4958 -0.95274  -0.88998  -0.27284  0.55086 0.99605 0.66116 -0.25101  -0.95469  -0.73069  0.26973 0.98618 0.5373  -0.59846  -0.94975  0.03393 0.97768 0.40644 -0.83282  -0.6563 0.6921  0.75661 -0.64403  -0.7481
0.09896 -0.651  -0.99571  -0.80341  -0.23899  0.40003 0.85505 0.99955 0.84368 0.485 0.04739 -0.36419  -0.68467  -0.88973  -0.98555  -0.99551  -0.9489 -0.87347  -0.79171  -0.71994  -0.66881  -0.64444  -0.64937  -0.6831 -0.74199  -0.81853  -0.9003 -0.96893  -0.99994  -0.96452  -0.8343 -0.59022  -0.23481  0.19483 0.61939 0.92409 0.98765 0.73472 0.19694 -0.45072  -0.9216 -0.94116  -0.42944  0.3682  0.94474 0.84484 0.0689  -0.78775  -0.93895  -0.16515  0.79954 0.88376 -0.08608  -0.96221  -0.56383  0.6345  0.90402 -0.23271  -0.99777  -0.06245  0.98832 0.20327 -0.97641  -0.1906
0.70221 -0.02952  -0.71649  -0.99914  -0.79603  -0.26464  0.33939 0.79656 0.99366 0.92678 0.66447 0.30183 -0.0747 -0.40536  -0.66028  -0.83395  -0.93649  -0.98544  -0.99975  -0.99616  -0.98742  -0.98179  -0.983  -0.9903 -0.99847  -0.99773  -0.97388  -0.9092 -0.78469  -0.58447  -0.30266  0.04803 0.42807 0.76784 0.97514 0.95904 0.66993 0.14536 -0.46279  -0.91152  -0.96085  -0.51984  0.23334 0.87062 0.94094 0.32109 -0.57322  -0.99988  -0.5143 0.4912  0.99938 0.39351 -0.69295  -0.91966  0.08028 0.97925 0.43469 -0.7921 -0.73429  0.5785  0.86462 -0.45705  -0.89527  0.46852
0.99622 0.62554 -0.09328  -0.73378  -0.99847  -0.82667  -0.35141  0.21456 0.68366 0.94914 0.9904  0.84787 0.5896  0.284 -0.01585  -0.2772 -0.48567  -0.64007  -0.74682  -0.81525  -0.85433  -0.87068  -0.86748  -0.84409  -0.79611  -0.71597  -0.59431  -0.42234  -0.19558  0.08102 0.38745 0.68411 0.91182 0.99995 0.88612 0.54654 0.02877 -0.53073  -0.92706  -0.96064  -0.55195  0.15802 0.80806 0.98181 0.49693 -0.3695 -0.96766  -0.7511 0.1644  0.93869 0.73816 -0.29638  -0.99502  -0.44563  0.70733 0.87697 -0.25287  -0.99881  -0.11899  0.96927 0.3326  -0.92462  -0.39282  0.92946
0.79949 0.98664 0.5955  -0.09243  -0.70628  -0.99108  -0.8868 -0.49259  0.02146 0.49619 0.82947 0.98516 0.97826 0.85173 0.65596 0.43535 0.22231 0.03671 -0.11172  -0.22003  -0.28878  -0.31957  -0.31344  -0.27016  -0.18839  -0.06666  0.09475 0.29101 0.50938 0.72595 0.90406 0.9963  0.95288 0.73758 0.35002 -0.15248  -0.64615  -0.96105  -0.9404 -0.52948  0.14609 0.77707 0.99487 0.60398 -0.20968  -0.8956 -0.8887 -0.11814  0.78112 0.92892 0.09887 -0.85843  -0.80719  0.26618 0.99855 0.33179 -0.83435  -0.71084  0.57453 0.88572 -0.38227  -0.94258  0.32178 0.93818
0.16837 0.82893 0.98462 0.61683 -0.02696  -0.62867  -0.96192  -0.95579  -0.67119  -0.23583  0.21909 0.59804 0.85339 0.97891 0.9952  0.9348  0.83131 0.71316 0.60145 0.5102  0.44781 0.41868 0.42455 0.46507 0.53773 0.63697 0.75271 0.86869 0.96131 1 0.9506  0.78309 0.48408 0.07215 -0.38912  -0.78972  -0.99385  -0.88826  -0.44979  0.19797 0.78573 0.99708 0.65347 -0.10857  -0.82405  -0.95644  -0.33089  0.59627 0.99656 0.42069 -0.61173  -0.97619  -0.1811 0.8556  0.76259 -0.40691  -0.985  -0.03342  0.97977 0.32478 -0.91257  -0.45555  0.88425 0.444
-0.57619  0.19275 0.82102 0.99246 0.68622 0.10321 -0.48879  -0.88478  -0.99866  -0.85279  -0.53317  -0.1417 0.23694 0.54954 0.77431 0.91303 0.98126 0.99998 0.9899  0.96838 0.94821 0.93745 0.93968 0.95419 0.97594 0.9953  0.99791 0.96509 0.87558 0.70941 0.4546  0.11613 -0.27436  -0.65261  -0.92571  -0.99247  -0.78243  -0.30536  0.31144 0.8319  0.99324 0.65266 -0.07101  -0.77834  -0.98367  -0.47178  0.43135 0.98896 0.64775 -0.34199  -0.99165  -0.53869  0.56558 0.97154 0.08397 -0.93287  -0.57625  0.6815  0.83551 -0.43718  -0.93521  0.30529 0.95613 -0.31758
-0.98914  -0.57715  0.15339 0.77357 0.99999 0.79109 0.29408 -0.2733 -0.72659  -0.96647  -0.98022  -0.81421  -0.53962  -0.22543  0.07636 0.33487 0.5377  0.68541 0.78571 0.84881 0.88423 0.89886 0.89601 0.87501 0.83129 0.75693 0.64191 0.47644 0.25459 -0.02053  -0.33092  -0.6387 -0.88529  -0.99872  -0.91255  -0.59624  -0.08924  0.47844 0.90266 0.9757  0.60142 -0.09795  -0.77091  -0.99151  -0.54856  0.31256 0.95061 0.78969 -0.10438  -0.91609  -0.77765  0.23801 0.98715 0.49901 -0.66323  -0.90445  0.19383 0.99993 0.17889 -0.9526 -0.38909  0.89986 0.44778 -0.90542
-0.77276  -0.99276  -0.6297 0.04927 0.675 0.98438 0.90597 0.52978 0.02181 -0.45816  -0.80453  -0.97682  -0.98631  -0.8736 -0.688  -0.47389  -0.26428  -0.07991  0.06863 0.17763 0.2471  0.27828 0.27206 0.22826 0.14573 0.02343 -0.13773  -0.33213  -0.54613  -0.75503  -0.9217 -0.99908  -0.93886  -0.70768  -0.30917  0.19509 0.67856 0.9721  0.92481 0.49228 -0.18874  -0.80357  -0.98956  -0.56894  0.25179 0.914 0.86804 0.07508 -0.8074 -0.91203  -0.05573  0.87982 0.7809  -0.30763  -0.99994  -0.29067  0.85742 0.67975 -0.6094 -0.86481  0.42188 0.92725 -0.36244  -0.92233
-0.02204  -0.73798  -0.99959  -0.72555  -0.11988  0.50788 0.91146 0.98857 0.77261 0.37574 -0.07369  -0.47409  -0.76775  -0.93838  -0.9988 -0.97677  -0.9038 -0.80822  -0.71207  -0.63077  -0.57405  -0.54729  -0.55269  -0.58982  -0.65552  -0.7431 -0.84109  -0.93192  -0.99131  -0.98936  -0.89482  -0.68346  -0.35057  0.07485 0.51996 0.87112 0.99935 0.81133 0.314 -0.33953  -0.86792  -0.97511  -0.53545  0.25313 0.8982  0.90331 0.18897 -0.70752  -0.97365  -0.28315  0.72109 0.93384 0.03497 -0.92224  -0.65952  0.53642 0.94906 -0.11346  -0.99852  -0.18262  0.96266 0.32013 -0.94316  -0.30785
0.76112 0.05699 -0.65351  -0.9918 -0.84537  -0.347  0.25681 0.74132 0.98022 0.95578 0.72658 0.38311 0.01177 -0.32483  -0.59289  -0.78313  -0.90267  -0.96705  -0.99409  -1  -0.99739  -0.99454  -0.99519  -0.9986 -0.99951  -0.98817  -0.95061  -0.86981  -0.72817  -0.51215  -0.21915  0.13418 0.50459 0.82034 0.99064 0.93096 0.60325 0.0593  -0.53769  -0.94365  -0.9333 -0.44405  0.31651 0.90988 0.90815 0.23803 -0.6419 -0.99478  -0.43825  0.56465 0.99261 0.31257 -0.75267  -0.88228  0.16614 0.9931  0.35522 -0.8419 -0.67286  0.64684 0.81796 -0.53222  -0.85341  0.54313
0.97859 0.82493 0.19949 -0.5052 -0.93954  -0.95433  -0.60783  -0.07794  0.44261 0.81704 0.98792 0.9652  0.79851 0.54988 0.27482 0.01337 -0.21127  -0.38973  -0.52184  -0.61225  -0.66688  -0.69061  -0.68592  -0.6523 -0.58638  -0.48272  -0.33552  -0.14129  0.09725 0.36661 0.63817 0.86625 0.99171 0.95407 0.71362 0.28018 -0.26237  -0.75373  -0.99595  -0.83878  -0.28638  0.43761 0.94418 0.88455 0.22389 -0.62312  -0.99923  -0.52735  0.44341 0.99833 0.51077 -0.56063  -0.98117  -0.16684  0.88194 0.6999  -0.5226 -0.94173  0.17409 0.99896 0.04479 -0.99535  -0.10923  0.99651
0.41185 0.94332 0.90857 0.39806 -0.27854  -0.80469  -0.99977  -0.85055  -0.46223  0.01724 0.4584  0.78106 0.95737 0.99877 0.93821 0.8148  0.66399 0.513 0.38019 0.27647 0.20749 0.17577 0.18213 0.22642 0.30738 0.42164 0.56205 0.71544 0.86059 0.96731 0.99818 0.91477 0.68937 0.32169 -0.14387  -0.60919  -0.93366  -0.97547  -0.66076  -0.05599  0.60405 0.98405 0.82345 0.146 -0.65427  -0.99916  -0.55848  0.37421 0.98518 0.63616 -0.39212  -0.99933  -0.42359  0.69713 0.90124 -0.16303  -0.99665  -0.28474  0.89747 0.5531  -0.77972  -0.6656 0.73764 0.6559
-0.51456  0.26434 0.86076 0.98077 0.6309  0.02982 -0.55159  -0.91664  -0.99216  -0.8121 -0.46955  -0.06856  0.3077  0.60946 0.81873 0.94054 0.99277 0.99775 0.9768  0.94743 0.9223  0.90933 0.912 0.92962 0.95727 0.98549 0.99996 0.98173 0.90871 0.7593  0.51883 0.18881 -0.20294  -0.59516  -0.89541  -0.99879  -0.82608  -0.37452  0.24076 0.78886 0.99909 0.70658 0.00249 -0.73009  -0.99424  -0.53531  0.36388 0.9754  0.702 -0.272  -0.97949  -0.59916  0.50344 0.98632 0.15698 -0.90387  -0.63476  0.62587 0.87363 -0.36989  -0.9587 0.23448 0.97507 -0.24703
-0.99923  -0.66195  0.0458  0.70062 0.99471 0.85251 0.39556 -0.16784  -0.64816  -0.93309  -0.99586  -0.87214  -0.62737  -0.32931  -0.03175  0.23117 0.44352 0.60279 0.71433 0.78677 0.82863 0.84629 0.84283 0.81762 0.76641 0.68194 0.55537 0.37873 0.14869 -0.12836  -0.43087  -0.71804  -0.93033  -0.99834  -0.86306  -0.50608  0.01882 0.57046 0.94385 0.94633 0.51164 -0.20482  -0.83517  -0.97167  -0.45507  0.41329 0.97856 0.71884 -0.21115  -0.95403  -0.70522  0.34148 0.99863 0.40253 -0.74016  -0.85311  0.29862 0.99536 0.07161 -0.97988  -0.28735  0.94169 0.34862 -0.94596
-0.55905  -0.98566  -0.8255 -0.23832  0.4359  0.89298 0.98918 0.75014 0.30672 -0.18493  -0.60116  -0.87485  -0.99229  -0.97626  -0.86675  -0.70585  -0.52896  -0.36154  -0.21944  -0.11112  -0.04023  -0.00792  -0.01439  -0.0596 -0.14318  -0.26335  -0.41514  -0.58792  -0.76282  -0.91097  -0.99413  -0.96963  -0.80125  -0.47616  -0.02439  0.46733 0.86023 0.99859 0.77745 0.2229  -0.46161  -0.94019  -0.90706  -0.31009  0.51795 0.99184 0.68987 -0.21313  -0.94237  -0.75672  0.23204 0.97898 0.56973 -0.56681  -0.96122  -0.005  0.96875 0.4417  -0.81063  -0.68518  0.66347 0.7815  -0.61375  -0.77337
0.43463 -0.35077  -0.9034 -0.95901  -0.55789  0.06101 0.62501 0.94913 0.97672 0.7558  0.38749 -0.02226  -0.39277  -0.67889  -0.86746  -0.96749  -0.99957  -0.98754  -0.95334  -0.91448  -0.88342  -0.86782  -0.87101  -0.89234  -0.92708  -0.96602  -0.99502  -0.99495  -0.94284  -0.81522  -0.59427  -0.27715  0.11324 0.51978 0.85131 0.99913 0.87381 0.45712 -0.15169  -0.72984  -0.99884  -0.76788  -0.09323  0.66507 0.99986 0.60975 -0.27785  -0.95137  -0.76373  0.18355 0.95716 0.66934 -0.42295  -0.99721  -0.24596  0.86132 0.70226 -0.55251  -0.91418  0.28406 0.98056 -0.14529  -0.99118  0.15807
0.99863 0.65216 -0.05877  -0.70983  -0.99596  -0.84565  -0.3836 0.18062 0.65799 0.93768 0.99459 0.86571 0.61721 0.31702 0.01877 -0.24378  -0.45512  -0.61309  -0.72335  -0.79471  -0.83583  -0.85313  -0.84974  -0.82503  -0.77468  -0.69138  -0.56612  -0.39071  -0.16152  0.11547 0.41912 0.70895 0.92549 0.999 0.86955 0.51723 -0.00584  -0.55975  -0.93948  -0.95045  -0.52275  0.1921  0.82796 0.97465 0.46659 -0.40144  -0.97581  -0.7278 0.19844 0.95006 0.71437 -0.32925  -0.99787  -0.41438  0.73137 0.85981 -0.28621  -0.99652  -0.08456  0.9772  0.29976 -0.93724  -0.36076  0.94167
