1
64
8.0
9.59227
10.06658
9.30497
7.44517
4.85014
2.0257
-0.49454
-2.26985
-3.05035
-2.8295
-1.83888
-0.48668
0.74515
1.42058
1.25783
0.2
-1.56831
-3.66271
-5.58915
-6.86139
-7.11769
-6.20952
-4.24081
-1.54853
1.37104
3.97326
5.7873
6.52087
6.12319
4.7914
2.91916
1.0
-0.49207
-1.2159
-1.04395
-0.09125
1.31404
2.71188
3.62346
3.66985
2.66763
0.67878
-1.9972
-4.88734
-7.45057
-9.19974
-9.81177
-9.2
-7.53189
-5.18797
-2.67187
-0.49253
0.95351
1.47194
1.11189
0.14853
-0.98832
-1.82254
-1.95122
-1.14685
0.58223
2.98776
5.63478
