1
64
7.9
11.33129
12.74341
11.70382
8.73384
5.1397
2.49651
1.99932
3.95857
7.65853
11.64269
14.30545
14.53843
12.15828
7.94093
3.26038
-0.5
-2.50169
-2.73415
-1.9182
-1.09461
-1.10166
-2.18778
-3.93458
-5.51422
-6.14702
-5.53074
-4.02819
-2.51579
-1.95906
-2.91449
-5.19953
-7.9
-9.73155
-9.60541
-7.14814
-2.93556
1.67836
5.07931
6.04312
4.24143
0.38391
-4.06687
-7.48739
-8.74015
-7.6026
-4.80293
-1.66064
0.5
0.90195
-0.40385
-2.63748
-4.70367
-5.7164
-5.38804
-4.10786
-2.68578
-1.89542
-2.04508
-2.78987
-3.28249
-2.59662
-0.22351
3.59979
