2.416506
0.335436
0.906458
0.090509
1.638413
1.075791
0.524190
1.632870
0.161499
1.229376
0.158538
0.912672
0.120683
1.529728
1.071968
2.783125
0.020861
0.686225
0.045846
0.156912
0.595721
1.123915
3.363450
5.890573
0.219173
1.408908
0.513291
0.205182
0.621706
2.812302
0.599426
0.228872
0.473687
0.603353
1.366668
0.644559
0.479969
0.988821
0.241702
1.097615
1.445030
0.163419
1.627036
2.216366
1.210306
1.084324
1.548751
1.679527
0.219234
0.574979
1.364313
0.449305
0.644371
2.001550
0.052245
1.242605
1.478816
0.596195
0.045519
0.525229
0.409394
0.560547
1.368157
0.393017
0.454870
0.076235
3.066360
0.617026
0.662191
0.068928
1.252801
0.500472
2.312926
0.137021
0.900032
2.581303
0.865955
0.005114
0.175783
0.821912
0.081883
1.795321
0.318381
1.797984
0.963696
0.017402
0.192310
0.332727
0.071215
0.429886
0.694988
5.116735
7.060566
1.825984
0.440226
0.099445
0.555604
0.805531
0.136212
0.775164
1.187350
0.089014
1.703023
1.332082
2.621165
4.402011
1.432376
0.901461
0.476775
1.067716
0.050038
1.833692
4.691852
0.745592
0.069927
1.557326
0.622718
1.137873
0.834995
1.128199
0.137524
1.407444
0.294760
1.324346
3.317652
0.981004
0.618890
1.948747
0.732931
0.699931
0.093317
2.301096
0.215356
0.913864
4.236618
0.177497
0.980396
0.331304
1.563980
2.643769
3.795729
0.277191
0.535497
0.616131
2.067792
0.581831
0.394673
0.240640
0.961412
0.552858
2.459522
0.736093
1.152540
0.261506
0.869954
0.851634
0.436137
1.697975
0.040788
2.565445
0.183068
1.738886
1.145751
0.225996
0.458381
0.215043
0.156360
1.390061
4.008919
0.046893
0.312749
0.006085
2.123757
0.421354
0.935322
0.371339
0.537645
0.020383
0.012689
1.133996
0.077338
0.968245
1.235946
1.301520
0.860824
0.656231
0.626129
1.431755
0.278197
0.517491
0.773252
0.638226
0.046157
0.176300
0.880598
0.641126
1.708228
1.461075
1.621050
0.467412
0.293403
0.649263
0.012548
0.833246
0.941180
0.174844
3.254824
0.543975
0.001186
0.229290
0.001182
1.574770
0.152555
0.455648
0.763440
0.632875
0.016723
1.115342
0.345430
1.409673
1.438557
2.321397
0.403478
0.165216
0.004005
1.085963
2.161724
0.329509
0.565696
1.666097
3.258407
0.629998
0.964765
3.307762
0.271119
0.046924
0.412595
0.106014
0.271566
1.174193
0.353224
0.042466
0.382125
1.175430
0.799894
0.815453
1.000584
0.723205
0.429467
0.394098
0.251715
0.198167
0.082914
0.273293
0.055509
1.506105
0.389657
0.242683
0.094508
0.265116
0.872094
0.502718
0.631406
0.480495
0.830040
0.636831
0.444307
1.722797
0.048245
1.144144
1.285007
1.132477
1.290685
0.993799
3.859914
2.295727
0.815719
0.999053
0.781039
1.756205
0.413592
0.680763
0.787237
2.493555
0.062378
2.228247
0.232506
1.762434
1.116101
0.182906
2.085999
0.879580
3.716391
0.328444
0.075522
0.104267
0.188515
0.264792
0.217230
4.697245
3.328689
1.331476
0.519798
0.142231
0.878549
0.052996
0.138201
0.719879
0.204872
1.057462
2.274831
6.043478
0.360730
2.496764
0.597228
1.069882
1.893850
1.856067
1.125432
2.581054
0.446731
0.203806
0.218070
0.113762
0.000241
0.292164
0.132142
0.148009
1.090816
0.098035
0.736288
1.045844
0.641544
1.471851
0.123759
2.743029
2.204027
0.960438
0.374387
0.372293
2.195134
0.212024
0.676560
0.923524
1.419264
0.473087
2.080128
0.622567
0.291422
0.673406
1.659895
0.148674
2.455292
0.448921
1.618027
0.032471
0.218267
0.128376
0.597182
0.616136
0.164449
0.821982
0.059020
0.296145
1.987810
0.626458
3.103195
0.178842
0.080606
1.155829
0.911336
0.113405
0.276429
2.827980
0.587454
0.184631
1.002273
0.015520
0.108776
1.531114
0.232793
0.371794
1.008950
0.577913
0.189486
3.543578
0.296817
0.297190
2.120045
0.694891
1.310036
0.610631
0.335817
1.059397
0.658739
0.920115
0.966080
1.239064
0.549139
0.486226
0.631443
2.623213
0.614965
0.682316
0.551152
0.164991
0.088032
0.743681
1.122964
8.101915
1.870235
0.110199
0.790176
0.070143
0.150259
0.631829
0.334045
1.446533
1.147748
0.039629
0.220730
0.682843
0.444776
1.240644
0.023347
0.795817
0.335912
0.065814
1.191570
5.628336
0.010151
0.030031
1.686466
0.567128
5.978495
1.988554
2.466227
1.458926
1.591138
0.672755
1.069414
0.537162
0.032529
1.853956
2.818116
2.146210
2.917775
1.032547
1.390541
0.566762
1.598387
2.009382
1.183839
1.159544
1.477555
0.171124
2.578963
0.384341
0.667920
0.959660
0.131151
0.115515
0.745306
2.027319
0.349364
3.109789
0.786655
0.031239
0.198336
0.511223
0.315663
0.124838
0.286467
0.328055
0.247885
0.019326
0.152965
0.229295
1.048709
0.890133
0.521597
0.650312
0.873860
0.071588
0.146869
1.643641
1.464280
0.043523
0.638947
0.118507
0.488568
0.283456
0.893574
0.310161
0.673942
1.405034
0.448803
1.270575
0.433106
0.183036
1.876568
0.424831
0.106500
0.513907
5.158047
0.422657
0.044637
0.096940
0.108369
0.392565
0.872041
1.506087
0.943265
0.147529
0.046883
0.799435
0.354043
0.909351
1.473698
0.649084
0.353255
0.851050
1.357446
1.542143
1.215824
0.540263
0.260813
2.126384
0.809236
0.788135
0.367739
0.052833
4.344847
0.127122
0.933754
0.692682
0.400529
0.372511
1.074919
0.350339
0.375319
2.947320
0.062843
0.167856
0.089495
0.207730
1.301328
0.320468
1.334825
0.680801
2.843719
1.443486
0.924955
0.512338
2.200553
1.359805
0.562608
0.008248
0.505361
0.073075
0.975495
0.618231
0.454320
1.286564
0.027186
0.191983
0.434082
2.647876
0.179402
0.283894
0.646147
1.824724
0.225433
0.608579
0.185961
0.295882
0.521412
0.372482
0.012060
0.460180
0.058022
0.904853
0.377116
0.708274
1.240636
0.550000
0.671418
0.414990
0.898848
0.510404
0.121567
0.971295
1.360310
0.507602
1.688650
0.740308
1.096038
0.373871
1.096340
0.648753
0.368335
0.560434
1.603628
1.059540
0.287299
0.172046
0.217802
0.294267
2.942282
2.825892
0.240526
1.770563
0.610265
0.518492
0.116190
1.681907
1.882906
0.642664
0.701080
1.817652
0.439499
2.720587
0.230257
0.586664
0.357853
0.666409
0.969731
0.321931
0.824218
5.045906
5.672065
0.428201
1.357570
0.001022
0.392937
1.188928
0.935222
0.502104
0.085890
0.141428
0.573405
0.803611
0.048191
2.467318
1.234725
0.403803
0.388049
0.099968
1.788598
1.717064
0.029843
0.706539
3.693410
0.762446
1.167335
0.135968
0.026569
0.876252
0.188322
1.530538
0.452102
0.151349
0.212819
0.038568
0.511607
2.565577
0.128065
1.434696
0.366899
2.762217
0.110786
1.744797
1.668106
0.870852
0.809096
1.979552
0.007265
0.028409
0.410908
2.973616
0.760903
0.196295
0.462211
0.238412
7.537521
0.378872
0.348595
3.272390
0.476834
1.284563
0.469198
0.396900
1.505797
2.347363
5.039580
0.095464
2.149575
0.837924
0.867024
0.788528
1.806708
0.166729
0.686271
1.929769
0.907013
0.307677
0.528639
1.021683
2.858822
0.547457
0.205752
2.844945
0.957984
0.370304
0.074705
1.815185
0.316286
0.250829
0.561008
1.386281
1.278855
0.846210
1.927891
1.183648
0.921502
0.041304
0.182733
1.383848
0.797098
0.580933
0.031079
2.451824
0.014057
2.252733
1.541496
0.991537
0.417983
0.425150
0.936743
0.452502
0.627379
1.610729
0.117761
0.490935
0.496714
0.632548
0.675748
0.109746
0.504386
0.559828
0.522024
1.232105
0.839115
1.531929
0.595578
3.379257
1.564708
0.699447
0.334798
0.015596
0.575873
0.433827
2.766633
1.565246
0.854403
3.384313
0.955971
0.431895
0.711165
0.038152
1.461198
0.196630
0.050765
1.636193
1.272513
0.039535
0.345126
0.050182
0.484343
0.445945
0.119661
0.085784
0.525993
0.597523
1.522509
2.531100
0.445480
0.630047
0.243460
0.604227
2.399116
0.088307
0.322267
0.507182
3.576674
0.011997
0.524795
2.165498
0.946796
1.973372
1.144634
0.107978
3.064630
0.323163
0.458850
2.111230
0.816219
0.911927
0.911575
0.034793
1.464213
0.015418
1.100691
0.227133
2.747511
0.619197
2.332423
0.003317
0.991169
2.148817
0.614366
1.207362
0.007039
0.740600
0.070133
2.776430
0.158023
1.450232
0.943907
0.190935
0.545803
1.769159
1.114999
1.464685
0.119451
2.307034
1.346139
0.320733
0.382961
0.123094
0.070447
0.287834
0.169023
2.365717
0.115946
0.314238
0.549112
2.501318
0.199769
1.359373
0.514539
0.354875
0.132658
1.200088
1.172954
0.063306
0.233096
1.510427
0.013530
0.469297
0.370285
0.409218
0.994816
6.999368
2.554616
1.575677
0.128130
0.105916
0.335950
0.281813
1.527425
2.730965
0.167016
1.996741
0.216049
0.415804
1.547712
0.522030
0.738934
0.082239
1.236911
2.437599
0.173574
2.923569
1.435786
2.340975
0.233038
0.326986
0.470336
0.515391
0.807027
0.304859
1.009296
0.668970
0.668084
0.425779
0.179467
0.376790
0.028651
0.152364
0.780828
0.225749
0.262855
1.771238
1.743301
0.613826
2.893651
0.073699
2.112128
0.158159
2.555577
2.114820
2.679707
0.857971
2.246656
0.986569
1.313649
1.891227
3.121826
3.692184
1.342735
0.962878
0.061032
0.694782
2.842502
0.432040
1.595812
2.378239
1.746685
0.345595
0.549388
0.205223
0.052734
0.461484
2.115965
2.636076
0.848196
0.322617
2.944685
0.890783
0.177199
1.702996
3.729379
2.385865
0.945952
0.679323
0.705417
0.562217
3.039877
0.036447
1.414146
1.205117
1.881266
0.232925
0.779083
0.153531
1.116610
0.671174
2.868844
1.810750
1.042185
0.627966
1.553725
0.670844
1.623063
2.535801
0.023142
1.103539
0.188270
0.739004
1.574404
0.750055
0.717110
2.543739
0.865017
0.049766
0.606365
0.273967
1.525311
1.792370
1.245573
1.716462
0.463331
0.582099
0.191265
0.103576
0.549781
0.832077
0.059559
0.761374
0.571078
1.705221
0.636986
0.213800
4.553798
0.072796
2.266924
0.227923
0.610513
3.323015
