0.128182
0.049346
0.417652
0.249442
0.118717
0.001312
0.335851
0.047394
0.370233
0.456370
0.427890
0.009304
0.272736
0.437499
0.307518
0.017994
0.013525
0.000152
0.030740
0.038421
0.162320
0.057529
0.044938
0.185509
0.080442
0.069250
0.126514
0.065045
0.163933
0.337575
0.163471
0.099820
0.073422
0.123780
0.209536
0.805479
0.027020
0.089684
0.269259
0.178109
0.076097
0.047002
0.318692
0.067502
0.322772
0.000582
0.413767
0.090252
0.191653
0.566943
0.694133
0.354199
0.498761
0.624857
0.268030
0.345094
0.373151
0.030626
0.157918
0.081644
0.400785
0.412703
0.180150
0.040069
0.709420
0.047921
0.549832
0.053609
0.271072
0.286983
0.042380
0.556131
0.112345
0.026367
0.212566
0.550778
0.645281
0.182146
0.027160
0.142149
0.412608
0.211305
0.000935
0.150994
0.058098
0.899590
0.089266
0.192764
0.039494
0.260060
0.211633
0.423494
0.153931
0.382993
0.521813
0.229420
0.031367
0.251819
0.025877
0.075885
0.346243
0.210478
0.341099
0.835280
0.230907
0.461647
0.310533
0.559205
0.108105
0.209522
0.483312
0.306673
0.067140
0.668263
0.015624
0.439900
0.218263
0.381483
0.299850
0.208210
0.046583
0.622278
0.150684
0.603501
0.265363
0.420238
0.590307
0.063880
0.513071
0.032265
0.029548
0.130627
0.017763
0.476519
0.067384
0.198582
0.410773
0.393348
0.592152
0.061121
0.089283
0.087292
0.005657
0.040849
0.271312
0.204024
0.244155
0.102720
0.008167
0.344999
0.718698
0.442599
0.022724
0.013074
0.415578
0.380866
0.374568
0.120113
0.012605
0.095032
0.121124
0.050873
0.296468
0.161044
0.176233
0.409593
0.058004
0.719379
0.316654
0.375152
0.353597
0.047135
0.007410
0.057405
0.572231
0.041528
0.041971
0.231684
0.209909
0.406097
0.095446
0.007753
0.283981
0.016685
0.364242
0.021147
0.745330
0.675568
0.018715
0.531806
0.778760
0.097691
0.124287
0.186154
0.136145
0.515521
0.167925
0.166673
0.119098
0.806584
0.594150
0.876248
0.445397
0.452767
0.006319
0.054715
0.236979
0.144768
0.013104
0.280848
0.462165
0.093114
0.002417
0.219500
0.029909
0.342854
0.014682
0.561851
0.592653
0.146058
0.297777
0.060773
0.659782
0.014768
0.377797
0.037197
0.065726
0.142321
0.244051
0.349743
0.678852
0.025321
0.061836
0.446279
0.030925
0.610076
0.403804
0.396755
0.553440
0.042579
0.315594
0.128276
0.056390
0.448381
0.130251
0.683668
0.079175
0.625433
0.011788
0.090988
0.180509
0.131978
0.129959
0.028393
0.061636
0.026580
0.055934
0.036591
0.348130
0.620131
0.043813
0.038598
0.120025
0.138158
0.491119
0.978156
0.335764
0.106704
0.770060
0.151324
0.195485
0.427226
0.298603
0.479221
0.370005
0.684466
0.463955
0.150393
0.355215
0.862251
0.093667
0.599535
0.152244
0.159122
0.037746
0.498657
0.161337
0.198630
0.157933
0.462048
0.003930
0.544147
0.029490
0.222954
0.134290
0.298553
0.093244
0.333875
0.211798
0.178434
0.053103
0.766255
0.088018
0.171863
0.218014
0.114339
0.045962
0.012499
0.001301
0.466297
0.022869
0.040907
0.579399
0.145642
0.049888
0.142921
0.812417
0.009462
0.563425
0.032856
0.584104
0.065177
0.048012
0.034159
0.281439
0.205296
0.167404
0.503553
0.022629
0.712633
0.117916
0.125717
0.746502
0.152994
0.226535
0.837552
0.085557
0.205964
0.783893
0.354372
0.156539
0.012014
0.105208
0.314767
0.225676
0.008379
0.059006
0.329060
0.436548
0.209514
0.162148
0.390357
0.242225
0.002743
0.150569
0.140444
0.096427
0.005460
0.000525
0.069520
0.799302
0.002492
0.005745
0.306299
0.401197
0.080654
0.207701
0.522412
0.017759
0.002870
0.135082
0.148334
0.498540
0.510668
0.160736
0.440489
0.522758
0.358982
0.167471
0.231877
0.243639
0.108518
0.104188
0.263793
0.339757
0.192838
0.271450
0.523630
0.402775
0.114878
0.005226
0.026829
0.457471
0.005031
0.075933
0.175582
0.242428
0.217740
0.513218
0.020431
0.000927
0.361672
0.249901
0.082343
0.052482
0.055453
0.180078
0.006539
0.276001
0.070142
0.272751
0.569730
0.468460
0.393820
0.151467
0.121595
0.178503
0.033142
0.269154
0.395166
0.426414
0.560206
0.138572
0.636993
0.379720
0.063507
0.106479
0.109327
0.096994
0.051939
0.149530
0.024181
0.328887
0.033973
0.103272
0.611172
0.020956
0.501545
0.064723
0.007239
0.086259
0.345967
0.400251
0.143764
0.828930
0.036766
0.333390
0.170877
0.216515
0.015538
0.130971
0.508959
0.089084
0.766189
0.753915
0.065070
0.101541
0.024639
0.367728
0.681461
0.464268
0.127047
0.327923
0.639423
0.393572
0.733988
0.464296
0.087068
0.570532
0.159080
0.369805
0.057646
0.071858
0.048662
0.642259
0.283014
0.679770
0.013110
0.608129
0.380690
0.278336
0.058912
0.418802
0.264746
0.431611
0.444307
0.045523
0.225325
0.146240
0.445377
0.494542
0.058771
0.436035
0.132819
0.307693
0.902716
0.171452
0.105837
0.408784
0.372318
0.034162
0.009161
0.069557
0.168250
0.165775
0.440640
0.088018
0.291759
0.058240
0.019208
0.089394
0.006249
0.356008
0.143890
0.055298
0.267774
0.196723
0.127207
0.356518
0.164652
0.235636
0.011122
0.124857
0.600372
0.375851
0.006191
0.484128
0.515153
0.487194
0.114437
0.085161
0.194467
0.048943
0.281130
0.248884
0.026934
0.725291
0.485237
0.110570
0.007654
0.671796
0.565442
0.108960
0.055664
0.605177
0.407357
0.532771
0.822344
0.040329
0.732001
0.175665
0.543368
0.005643
0.182015
0.044128
0.002795
0.237560
0.061689
0.317905
0.194268
0.047462
0.467276
0.286606
0.003606
0.081649
0.010150
0.458797
0.062865
0.472908
0.005853
0.092661
0.093190
0.064180
0.174854
0.035693
0.214200
0.054667
0.056427
0.448953
0.080138
0.180371
0.503438
0.641660
0.024218
0.343905
0.017932
0.408060
0.224475
0.766282
0.012147
0.029361
0.233575
0.381676
0.598867
0.055211
0.028292
0.026422
0.083214
0.029617
0.408026
0.053051
0.846155
0.003264
0.419215
0.152339
0.008574
0.399839
0.101421
0.408558
0.728736
0.509985
0.281576
0.633585
0.488832
0.132259
0.356064
0.495578
0.055544
0.480789
0.277381
0.797098
0.302944
0.754101
0.498464
0.957991
0.053716
0.649747
0.018928
0.019595
0.002374
0.259905
0.220242
0.700830
0.639782
0.275627
0.319976
0.055195
0.279780
0.403998
0.718094
0.029741
0.004788
0.086332
0.278119
0.340456
0.264485
0.093520
0.532459
0.789365
0.042830
0.117555
0.448137
0.469606
0.574379
0.042174
0.665166
0.497522
0.033676
0.633610
0.209152
0.109956
0.758853
0.007514
0.477234
0.139876
0.218710
0.026020
0.186853
0.211184
0.517162
0.815168
0.300399
0.244018
0.697721
0.144415
0.227246
0.287389
0.596428
0.025742
0.001720
0.122815
0.032191
0.521226
0.062861
0.012719
0.208974
0.702720
0.055621
0.102925
0.294675
0.332885
0.772706
0.603194
0.009814
0.068346
0.382393
0.231197
0.035336
0.080691
0.392063
0.450778
0.248121
0.433161
0.008966
0.025136
0.728477
0.631711
0.356567
0.314363
0.545620
0.221251
0.566719
0.091275
0.408842
0.111097
0.472228
0.413405
0.478494
0.137672
0.253648
0.165102
0.026996
0.389117
0.059311
0.205910
0.744192
0.375067
0.326906
0.074594
0.128261
0.009120
0.632245
0.628501
0.528352
0.489550
0.362143
0.004992
0.217760
0.216084
0.147190
0.451280
0.109326
0.041601
0.142107
0.234588
0.671815
0.030448
0.201937
0.001698
0.622340
0.655755
0.060579
0.320128
0.496046
0.110718
0.191308
0.068337
0.562255
0.008085
0.101310
0.088173
0.022344
0.389128
0.230646
0.204001
0.229458
0.116719
0.296421
0.120507
0.075814
0.339149
0.181026
0.250520
0.325132
0.450940
0.338020
0.037342
0.540276
0.592551
0.617228
0.127293
0.019662
0.796009
0.044407
0.199612
0.605711
0.126506
0.141770
0.198557
0.609831
0.119613
0.026814
0.749080
0.071397
0.026951
0.015398
0.133057
0.628209
0.489718
0.011312
0.030661
0.732763
0.124462
0.102350
0.801587
0.020002
0.082045
0.379610
0.282461
0.207348
0.144335
0.025372
0.142170
0.169441
0.196743
0.337826
0.239831
0.369936
0.002341
0.005067
0.157753
0.008344
0.689431
0.289321
0.256233
0.055738
0.798472
0.005136
0.508003
0.413669
0.160437
0.311165
0.105262
0.601965
0.582307
0.144821
0.576628
0.122492
0.516005
0.311382
0.115597
0.238468
0.415489
0.224644
0.192367
0.136300
0.535291
0.017738
0.041204
0.260293
0.130978
0.049830
0.212533
0.140854
0.330083
0.324283
0.370671
0.115718
0.064133
0.039724
0.006910
0.506859
0.001334
0.709566
0.281013
0.106037
0.278738
0.874895
0.448465
0.040114
0.078858
0.000270
0.031673
0.656786
0.009604
0.052911
0.728892
0.048087
0.113393
0.503190
0.032647
0.417604
0.128765
0.012806
0.236529
0.057326
0.034771
0.535210
0.000450
0.019966
0.044605
0.058136
0.101871
0.060664
0.002298
0.663460
0.052624
0.497130
0.633444
0.005500
0.297680
0.306345
0.022638
0.364240
0.489619
0.008292
0.046286
0.601386
0.477373
0.392364
0.612344
0.226491
0.142411
0.069770
0.118607
0.332754
0.030772
0.188525
0.045450
0.225951
0.616396
0.009550
0.503761
0.073814
0.001843
0.639578
0.847622
0.698593
0.084729
0.000393
0.110795
0.118170
0.103007
0.007093
0.230193
0.075794
0.137236
0.221293
0.018706
0.004066
0.284297
0.193968
0.063678
0.118416
0.019430
0.052624
0.024274
0.170308
0.551230
0.027246
0.165419
0.004361
0.107278
0.056353
0.454687
0.227196
0.681739
0.071725
0.224916
0.165551
0.412354
0.201802
0.661986
0.171188
0.270391
0.482558
0.666977
0.376244
0.000455
0.276016
0.119097
0.469791
0.295252
0.086190
0.291186
0.394041
0.238631
0.000692
0.026574
0.384364
0.189089
0.120289
0.484080
0.434453
0.255931
0.326107
0.004273
0.003613
0.023698
0.160561
0.133006
0.367006
0.127025
0.011361
0.206619
0.455398
0.339086
0.004245
0.001699
0.674099
0.250382
0.000797
0.718683
0.217236
0.014362
0.669540
0.043395
0.380081
0.242163
0.211069
0.024562
0.390275
0.057149
0.054165
0.100644
0.321868
0.365914
0.207398
0.139800
0.122712
0.188122
0.136260
0.274596
0.028413
0.064737
0.228398
0.160155
0.450718
0.661482
0.115335
0.594794
0.036979
0.103202
0.171591
0.286805
0.037973
0.248710
0.670636
0.002158
0.449507
0.228641
0.512564
0.001037
0.056008
0.162639
0.308397
0.031259
0.111597
0.123912
0.373097
0.140628
0.508768
0.417028
0.105076
0.009896
0.003572
0.797033
0.420313
0.097265
0.100797
0.179653
0.696167
0.263491
0.330140
0.104566
0.039781
0.093129
0.248807
0.771279
0.092588
0.316096
0.164110
0.057739
0.219847
0.046966
0.015796
0.054680
0.193929
0.334136
0.041429
0.031306
0.018015
0.021381
0.482911
0.016170
0.288918
0.258285
0.263291
0.272187
0.297014
0.255580
0.014373
0.241159
0.889175
0.091239
0.141964
0.203663
0.138533
0.431708
0.589204
0.032426
0.322218
0.422837
0.132032
0.551892
0.233810
0.187182
0.435590
0.091231
0.385398
0.579890
0.055101
0.105102
0.279857
0.247316
0.003359
0.381683
0.036624
0.785665
0.076446
0.011766
0.527125
0.419086
0.135879
0.414601
0.768349
0.323737
0.105051
0.069922
0.124308
0.127184
0.006004
0.308650
0.455316
0.255362
0.304940
0.084658
0.008695
0.147422
0.224094
0.453326
0.207771
0.836473
0.139978
0.415446
0.265089
0.280734
0.590776
0.129161
0.196275
0.475774
0.242397
0.191481
0.243574
0.537229
0.713752
0.785821
0.035115
0.007374
0.268729
0.263185
0.092129
0.707110
0.498080
0.520532
0.083556
0.051740
0.051753
0.744576
0.069270
0.530652
0.135012
0.268095
0.525956
0.291907
0.012478
0.269071
0.379131
0.372350
0.348156
0.141773
0.721091
0.039417
0.376320
0.264825
0.552115
0.370582
0.239836
0.559907
0.239127
0.651991
0.109377
0.423666
0.088162
0.138059
0.353674
0.080676
0.004094
0.761894
0.037939
0.308010
0.197954
0.169549
0.021391
0.826562
0.611116
0.050604
0.357020
0.486770
0.466565
0.060455
0.018841
0.566301
0.000262
0.219291
0.017367
0.269320
0.558542
0.046286
0.003223
0.018887
0.014395
0.351408
0.047613
0.149536
0.097571
0.102453
0.418920
0.233841
0.296942
0.088857
0.667144
0.093749
0.183519
0.068894
0.220765
0.008872
0.238934
0.005827
0.352244
0.058354
0.480394
0.218459
0.497699
0.358059
0.089899
0.036361
0.268818
0.672212
0.781168
0.227811
0.294817
0.864488
0.062011
0.015335
0.136744
0.120538
0.177423
0.179750
0.512940
0.807409
0.306036
0.292912
0.258224
0.084734
0.040573
0.205850
0.311250
0.141814
0.008581
0.606024
0.043256
0.176607
0.250246
0.160732
0.412888
0.029488
0.098615
0.482658
0.192024
0.004366
0.648927
0.019210
0.642959
0.475249
0.305476
0.371372
0.082409
0.047072
0.159978
0.407940
0.025395
0.304235
0.132496
0.596477
0.436343
0.080809
0.119725
0.055797
0.218231
0.419536
0.461582
0.257561
0.499461
0.034040
0.256410
0.890532
0.093023
0.044213
0.192419
0.349762
0.224145
0.652605
0.073855
0.400755
0.108324
0.058714
0.386225
0.649152
0.009412
0.022857
0.035009
0.099037
0.375540
0.096478
0.487110
0.239783
0.131519
0.273263
0.291934
0.021009
0.359567
0.015728
0.076757
0.542393
0.659991
0.016673
0.665195
0.752460
0.241912
0.347444
0.026215
0.491200
0.118807
0.008774
0.026391
0.500452
0.079545
0.254680
0.081495
0.058720
0.282864
0.243332
0.140870
0.162879
0.225733
0.153670
0.144237
0.504811
0.393990
0.168208
0.114391
0.436245
0.003487
0.511912
0.651191
0.074971
0.173472
0.145509
0.062896
0.024172
0.830795
0.055955
0.595787
0.398618
0.267004
0.100999
0.551726
0.111280
0.637370
0.024032
0.056836
0.086302
0.290160
0.498244
0.144515
0.301999
0.689349
0.240015
0.250792
0.107851
0.028510
0.167134
0.029960
0.255305
0.052447
0.003133
0.142834
0.000568
0.020010
0.004445
0.898742
0.078888
0.036444
0.300597
0.122962
0.182911
0.070831
0.331640
0.722107
0.312800
0.360083
0.442993
0.034614
0.094418
0.140260
0.649200
0.102832
0.482258
0.083554
0.321035
0.475828
0.487721
0.284302
0.246238
0.239196
0.098924
0.434663
0.151782
0.190165
0.578448
0.025264
0.067895
0.322083
0.097765
0.399289
0.219277
0.349754
0.240246
0.128044
0.058866
0.173750
0.007323
0.056411
0.114397
0.345501
0.067995
0.052905
0.206231
0.097572
0.119866
0.501717
0.314553
0.033101
0.424465
0.180320
0.048136
0.067169
0.279709
0.278924
0.530164
0.018410
0.009830
0.604447
0.382569
0.146948
0.134414
0.001626
0.227768
0.005975
0.547734
0.093402
0.153308
0.021580
0.357830
0.095353
0.720122
0.082627
0.414466
0.538249
0.043054
0.022917
0.456636
0.035290
0.149385
0.168888
0.290081
0.212338
0.110504
0.135469
0.882125
0.399632
0.156411
0.676347
0.279230
0.303393
0.029932
0.257386
0.047210
0.495760
0.109098
0.500557
0.238854
0.064360
0.586672
0.144522
0.431376
0.015547
0.300305
0.034579
0.114000
0.027599
0.136910
0.099554
0.126626
0.132301
0.116692
0.486000
0.005668
0.349784
0.150411
0.079751
0.413160
0.351458
0.817819
0.056849
0.008792
0.036236
0.136954
0.052164
0.006001
0.459724
0.070490
0.334659
0.554239
0.180524
0.123997
0.041347
0.276351
0.286846
0.269958
0.542837
0.007813
0.866470
0.283183
0.124024
0.011387
0.104649
0.039902
0.699016
0.019070
0.464883
0.573699
0.381315
0.356239
0.356750
0.007865
0.885627
0.740447
0.306255
0.358222
0.352747
0.162834
0.285125
0.483623
0.044837
0.041782
0.152618
0.102663
0.751087
0.012206
0.069671
0.717795
0.457155
0.250333
0.037362
0.310322
0.642296
0.654005
0.028188
0.430748
0.461729
0.132117
0.241991
0.059006
0.012926
0.144726
0.169951
0.049256
0.046733
0.100504
0.452955
0.282436
0.597220
0.297941
0.187589
0.180813
0.207712
0.073257
0.162188
0.014500
0.056648
0.566061
0.085744
0.583531
0.204468
0.040124
0.706017
0.270969
0.038081
0.158728
0.017117
0.352888
0.034484
0.015595
0.471234
0.062649
0.643175
0.464477
0.207586
0.215518
0.166186
0.179042
0.005763
0.031285
0.478842
0.333517
0.171810
0.017210
0.458825
0.325046
0.056128
0.093797
0.010686
0.002234
0.293211
0.217930
0.435474
0.362414
0.491665
0.181559
0.553843
0.129779
0.577747
0.243203
0.156074
0.132744
0.059657
0.095480
0.122119
0.026787
0.323643
0.098803
0.022278
0.026004
0.403817
0.024227
0.055378
0.021966
0.125075
0.372451
0.872379
0.193421
0.008409
0.557540
0.032000
0.236530
0.268048
0.301721
0.142871
0.249831
0.156614
0.071690
0.256988
0.233840
0.049796
0.547719
0.141661
0.200631
0.013656
0.138177
0.186146
0.791393
0.611458
0.066959
0.501309
0.023189
0.610239
0.116307
0.096616
0.611238
0.071231
0.279261
0.102151
0.612972
0.005895
0.079389
0.072484
0.333309
0.212856
0.125146
0.003556
0.059820
0.204947
0.125769
0.019907
0.398942
0.044097
0.000487
0.085708
0.440632
0.491566
0.095617
0.088205
0.043385
0.253393
0.602324
0.528299
0.077888
0.643544
0.728914
0.083143
0.005551
0.096965
0.413047
0.065421
0.094729
0.327006
0.489204
0.268810
0.173279
0.508394
0.418248
0.412333
0.115882
0.528980
0.548596
0.016932
0.449912
0.121484
0.341425
0.214453
0.445136
0.784253
0.094822
0.316359
0.140737
0.787759
0.253015
0.152953
0.078295
0.786388
0.232320
0.464112
0.284456
0.405595
0.113925
0.016654
0.105873
0.090489
0.835794
0.157080
0.049239
0.548476
0.087782
0.481902
0.442504
0.471408
0.546751
0.162245
0.014336
0.013470
0.179189
0.119933
0.037262
0.070554
0.039841
0.375887
0.327247
0.339749
0.076249
0.288675
0.015866
0.046074
0.120076
0.334644
0.138427
0.246545
0.104313
0.132080
0.764452
0.024583
0.031508
0.261732
0.113071
0.031977
0.004861
0.248546
0.187870
0.020226
0.160758
0.063652
0.025401
0.116280
0.140321
0.264199
0.410041
0.095478
0.236117
0.406351
0.005427
0.559458
0.427118
0.213945
0.199198
0.018254
0.187881
0.680801
0.161618
0.011831
0.351635
0.044872
0.264303
0.306046
0.022537
0.224851
0.415244
0.052783
0.113193
0.190122
0.168789
0.014728
0.346027
0.654941
0.476127
0.005320
0.063008
0.046850
0.273299
0.919280
0.033912
0.154983
0.422663
0.104220
0.642548
0.606731
0.024183
0.269237
0.424959
0.069242
0.637131
0.091904
0.340081
0.571344
0.486507
0.033804
0.127700
0.476157
0.809110
0.298926
0.280533
0.007684
0.030767
0.101128
0.184657
0.118538
0.367006
0.565217
0.116357
0.178693
0.091357
0.158351
0.652897
0.005944
0.396939
0.001087
0.082057
0.054010
0.083296
0.190835
0.196845
0.046091
0.557122
0.242831
0.011491
0.091922
0.340054
0.251239
0.321055
0.282087
0.201814
0.356470
0.452148
0.028696
0.000874
0.120647
0.080171
0.001443
0.016320
0.688890
0.103373
0.061827
0.079257
0.639764
0.194289
0.176871
0.361015
0.045700
0.094277
0.290196
0.243628
0.088191
0.551292
0.521062
0.711653
0.015748
0.012324
0.071430
0.316748
0.515521
0.343481
0.237969
0.150940
0.277754
0.422430
0.218396
0.457782
0.600921
0.278069
0.151964
0.159846
0.336613
0.022790
0.412801
0.265639
0.382191
0.266513
0.117383
0.075742
0.261396
0.056468
0.421749
0.006182
0.191257
0.428689
0.350655
0.284730
0.159294
0.141386
0.490087
0.341372
0.423472
0.477025
0.265191
0.121826
0.251188
0.784119
0.465217
0.067641
0.033455
0.590722
0.229364
0.173910
0.661592
0.118476
0.286346
0.442100
0.077685
0.792900
0.060108
0.275561
0.242753
0.058119
0.006963
0.215249
0.083409
0.000204
0.021077
0.006849
0.619987
0.032024
0.030434
0.461996
0.377239
0.388164
0.090037
0.241883
0.013612
0.535273
0.221166
0.001918
0.226925
0.384212
0.284949
0.292445
0.057946
0.007953
0.083452
0.001327
0.290019
