0.601802
0.092194
1.192968
1.058042
0.414374
0.640660
1.346703
0.145166
0.813121
1.242429
2.027199
0.644927
2.126606
0.168314
0.554378
0.342524
0.105920
0.179328
0.016819
0.261187
1.020555
1.114816
1.823391
0.875782
0.635963
0.168465
1.679089
1.503431
0.045610
0.418166
0.080431
0.686692
0.561801
1.487051
0.162080
1.465618
0.283713
2.203014
2.345343
1.627323
0.918413
1.480525
0.326900
0.657021
2.622701
1.218799
1.476793
0.028293
2.029379
1.552631
0.298082
0.709659
0.616805
0.101238
0.096127
2.672329
0.289445
2.355015
1.232863
0.350844
0.283497
1.540959
1.573436
1.129092
0.820495
2.852414
0.590118
1.644047
1.782753
0.430666
0.942503
0.566820
0.130571
2.199966
2.456674
0.051082
0.900437
1.158080
0.080880
0.620252
0.642875
0.408653
3.519272
2.726550
0.565172
0.064038
2.005925
1.149039
3.415455
0.853333
3.861596
0.240790
0.446024
1.476805
2.213355
2.520961
1.251516
0.410083
1.296165
0.789118
1.159409
0.410633
3.836362
1.654091
0.256135
2.232205
1.955690
1.712417
0.864220
2.752456
0.330954
0.054288
0.317021
0.290541
4.373763
1.215445
0.377128
1.916374
0.488544
0.330325
0.556638
0.454834
0.683798
1.545051
0.147434
0.487712
1.225253
1.903873
1.281484
0.566933
0.505447
0.525438
1.467536
0.470311
0.245182
5.397037
0.311839
0.079012
1.687620
1.874188
0.012275
0.101814
2.296220
0.333914
0.429159
2.178226
4.366649
1.088014
1.345606
0.468065
2.890027
0.182104
1.344131
0.579334
3.061544
2.090012
1.746971
1.077344
1.299471
0.794237
0.096774
0.132490
3.141395
1.978665
0.691709
0.191421
1.946424
1.457493
0.287931
1.115526
0.951144
0.304335
1.465597
0.719620
0.790254
0.125567
0.510526
0.762662
1.519226
0.150170
2.379080
1.292964
0.365174
1.040149
0.180650
0.299902
0.740055
4.707382
2.508504
0.287997
0.774456
0.010908
0.468923
0.684828
2.060387
2.068338
1.108779
1.308636
1.023835
2.528543
0.514280
0.293682
0.201640
0.187690
1.459076
1.305201
0.341269
0.183165
0.304434
0.072841
0.366448
0.186117
1.588631
0.948638
1.695111
3.245931
2.054482
0.414506
3.037374
1.562798
0.890549
0.675474
1.615959
3.321294
4.335748
1.120537
1.817067
1.069868
0.517023
0.650631
0.860788
1.638743
1.319645
1.426210
3.768130
0.693785
0.670729
0.309297
1.101682
1.390798
0.409907
3.668923
2.537631
0.141659
0.884860
1.337000
0.097779
0.614463
0.079802
0.046243
0.287042
1.097426
0.768463
0.052157
0.994698
0.740622
1.289950
0.630479
0.198608
0.137451
2.917782
1.415931
2.721115
1.135431
0.727910
2.420282
0.197275
0.005764
0.194970
1.875511
1.414161
0.720372
1.721596
1.132636
1.037080
0.525005
0.536459
1.341942
2.021297
0.677049
1.531793
0.124471
0.172162
0.385850
0.183750
1.552688
1.853486
2.230933
0.295694
0.023718
0.021218
0.225561
1.517495
3.105393
2.125677
0.353569
2.012131
0.061538
0.361787
0.044409
2.368792
0.062344
0.813882
1.300578
1.340393
0.226119
0.146267
0.166576
2.830888
0.003596
1.036562
1.290591
0.128545
1.627016
0.046064
0.340355
0.896014
2.192198
0.199737
1.882505
2.427786
0.225707
0.051002
1.179305
0.171075
2.664574
4.638703
0.023820
4.610579
0.347997
0.069324
2.267799
0.437481
0.977743
0.978394
0.097168
1.749954
1.427779
0.282414
1.457823
1.442859
2.219772
0.677568
2.157399
1.186955
0.770392
0.189777
0.337794
0.554251
0.436818
0.144389
0.411381
0.811839
0.203552
0.030225
1.248974
0.121652
0.020308
1.334610
0.110482
0.376881
1.628184
0.001058
1.103649
0.557839
0.981212
1.431031
0.292726
0.486625
0.007000
0.021255
0.161403
2.286140
0.719861
0.033997
0.899416
0.051660
0.231027
2.119019
0.645970
0.821420
0.014403
1.677243
0.123471
0.221236
1.850774
1.768161
0.375444
1.987682
0.834924
0.540620
0.194786
0.461729
0.542438
1.866465
1.596335
0.044803
0.932085
0.052489
0.560570
0.949961
0.074903
0.863147
0.716592
0.880312
0.945701
0.110685
1.009765
1.703062
4.175298
0.118267
0.474925
6.839323
2.585650
0.681655
0.219901
1.459026
0.390933
0.714201
0.995672
2.204251
2.631507
1.647733
0.300394
0.425720
1.057983
0.058515
0.495140
0.299907
0.114257
1.712751
2.058518
0.198619
0.507163
0.484416
1.450233
0.009436
0.670841
0.512794
1.756004
0.641221
0.718919
0.229834
0.639190
0.575140
1.202491
1.107699
0.229302
0.023401
0.198571
1.804458
2.439507
0.114434
1.029881
0.189068
0.606657
0.350686
0.260205
1.866553
0.809475
0.411097
1.093551
0.557332
0.728185
0.064830
1.667110
0.332261
0.074901
0.356575
1.151632
2.296911
1.484044
0.218904
0.110669
0.281781
1.005053
1.631277
2.467969
1.825645
1.757067
0.100198
1.121848
1.348020
0.227492
0.381661
2.436301
1.073823
0.949508
0.152711
0.700463
0.183895
0.651429
0.184668
0.904465
5.500553
0.263176
0.521634
0.326583
0.361771
1.225468
3.283286
0.226887
0.653274
0.173278
0.367814
1.291793
1.575379
0.118868
1.022945
0.999556
2.805521
1.331077
0.365687
1.138718
2.801451
0.976979
0.897192
0.910255
0.270002
1.323918
0.106720
0.518519
0.239031
0.314495
8.741468
0.233857
0.695622
0.521364
0.667753
1.633699
0.119538
0.597174
0.007813
0.897299
0.938361
0.379121
0.382070
0.513834
0.557938
3.170519
0.034342
0.457501
1.183600
0.415575
0.048043
1.002676
3.312982
1.019416
0.262251
0.223411
0.466974
0.403325
0.928395
0.881196
0.920669
0.927991
1.581033
0.108681
0.011003
0.330419
2.383549
0.131947
1.313092
2.471715
1.258581
0.415128
0.262791
0.034070
1.353039
1.075020
4.769370
1.493015
0.026186
1.156262
0.122558
0.075536
0.383376
0.082228
1.244614
0.796566
0.327327
0.088888
2.128888
2.153860
1.110982
0.659283
0.670637
0.625492
0.881314
0.692268
1.371917
0.680308
0.975969
0.648925
0.526107
0.414177
1.699018
1.022196
0.466191
0.817993
0.355112
0.452756
0.406449
0.392674
0.050732
0.596627
0.506676
0.458723
0.751353
0.115919
2.489341
1.647264
0.216298
1.599814
1.175672
2.004476
0.329677
0.198458
0.400882
2.014446
1.138080
0.079748
0.446513
0.360596
0.807534
1.466392
1.026819
0.463911
0.526684
0.014574
2.657321
1.232184
0.475772
0.306326
0.033656
0.558723
1.248927
0.563174
1.589494
0.276359
0.776646
1.248296
0.050119
1.326360
0.715541
1.348121
0.915859
1.569816
2.529213
2.660671
1.074472
0.915902
0.006773
0.018843
2.328765
0.822785
1.550746
0.786227
2.687867
0.219837
0.818501
1.979330
2.361221
2.772630
0.134322
2.793466
0.455019
1.825601
0.461071
0.176182
0.083750
2.401811
2.075779
0.138369
1.032837
0.487131
2.036342
0.279492
0.195443
1.559567
0.191077
1.808208
0.493670
0.199281
1.929086
0.345596
1.352758
1.028982
1.811807
1.119166
1.832452
0.503435
0.766333
1.369140
0.405043
1.081689
1.153488
1.199368
0.692861
0.055363
1.967187
0.867967
3.305092
1.326863
1.235870
0.934731
0.128181
0.864916
1.904754
0.353588
0.459952
0.025391
0.143741
1.420073
0.230359
4.474755
0.051825
2.941727
0.997599
2.181664
0.969357
0.637175
0.332255
0.169555
0.244482
0.956454
1.697925
2.316235
0.377406
0.380959
3.105852
0.191782
2.272926
2.507371
2.399146
0.932440
0.746182
0.029954
0.204961
0.473156
0.396524
0.807452
0.514229
0.618473
0.374418
0.935959
0.597547
0.450696
0.809717
0.084553
0.287631
0.193208
0.803615
0.760693
0.402941
1.466128
0.160644
0.160856
1.110295
0.621323
0.626198
0.982836
1.014124
0.449996
0.785854
0.790726
3.466608
0.072674
0.858008
0.167352
0.592512
2.336555
1.231362
1.891152
0.453459
0.020627
0.610448
1.684236
0.483262
0.011980
2.258480
1.002921
0.207759
0.593815
0.181343
0.732400
0.244579
0.377250
1.102113
2.184838
1.500685
0.142960
0.720017
0.534952
0.684347
0.059247
3.238743
0.624289
0.136532
0.769556
0.963529
0.854926
0.580035
0.395358
0.551279
1.633190
0.426143
2.125945
0.965241
1.310106
2.231084
0.722780
0.451617
0.083583
3.280285
0.753435
0.914870
0.197657
1.854755
0.310968
0.069192
0.968983
0.511616
0.867759
0.035455
2.263889
1.015101
5.430847
0.446931
1.449260
0.760146
3.856966
0.415426
3.594403
0.364461
1.442774
1.501559
1.056720
1.033973
0.504721
0.482262
0.770021
2.418278
1.370487
0.960196
2.065993
0.321956
0.244129
0.054093
0.126446
0.661409
0.127275
1.344423
2.157193
1.202696
1.487856
1.515971
0.411359
1.468651
0.151774
0.108150
0.359774
0.127476
0.584200
0.321155
0.553584
0.230894
0.053302
0.080690
1.901028
0.594628
0.616436
0.490340
0.444971
0.230863
0.004775
0.264571
0.656664
0.250229
0.335642
0.916791
1.221641
0.518571
0.414773
0.890634
0.110089
0.120647
0.462051
0.582495
2.149157
0.715039
0.785270
0.205283
0.995638
4.301471
0.616691
0.057234
0.213971
0.717806
0.142886
0.044175
3.229205
0.899636
0.563514
0.385028
1.606613
0.571919
0.803036
0.329693
1.069838
1.814951
2.129100
0.449714
0.276786
0.249187
3.032272
0.424692
0.406794
0.388318
1.548935
0.245436
1.787552
0.402762
0.516207
0.622023
0.382697
1.991376
0.731409
0.714593
0.471078
1.055314
0.807037
0.409597
0.281302
4.174465
1.066099
0.045660
0.545029
0.232795
0.393767
0.080246
0.045874
0.231358
0.578570
0.337743
0.557062
0.496092
1.001442
1.432670
1.247918
0.545031
3.861599
0.788621
1.393140
0.481567
0.008710
0.072233
0.281936
0.749594
0.868202
0.971142
0.197669
0.144005
3.156650
0.552617
0.126394
0.949544
0.633354
0.774158
1.719067
1.583188
0.957162
2.006970
0.001226
0.056908
0.165141
0.559203
0.591338
1.536544
0.210307
0.173535
0.229480
0.184681
1.220241
3.140953
0.800323
1.250061
0.026800
1.592061
0.275693
0.933282
0.541017
0.545267
1.350368
0.470445
1.863497
1.963175
4.453164
0.376968
0.508322
1.656136
0.115122
0.014621
1.123099
0.116498
0.072393
1.754209
0.772847
0.726183
0.946318
1.301835
1.125656
1.697644
2.269134
0.478683
1.485646
0.593147
0.098621
1.609880
0.279593
0.407770
0.522270
1.083978
1.407237
0.159796
0.037731
0.916421
0.007297
0.025714
2.454735
0.520483
1.798854
0.023122
0.545213
0.711803
0.142514
0.673572
0.409770
1.112085
0.006384
2.957082
0.509319
1.145466
1.447809
0.350542
0.064353
0.773401
1.359100
0.169887
0.413468
4.344096
0.675520
1.368356
1.046312
0.282747
2.236398
1.157718
1.873022
2.306873
1.241966
1.429016
0.365564
0.788988
1.529296
1.296366
0.056504
2.478561
0.244101
0.496157
0.884946
0.252258
0.414249
4.294672
2.352619
0.109903
0.331359
3.417506
1.029006
0.025483
0.131756
3.978466
0.012252
0.953353
1.297407
1.081598
1.972152
0.967368
0.425787
1.228212
0.734690
0.059674
0.630435
1.751810
0.925393
0.288952
0.805233
1.074587
0.182827
1.467973
0.050973
1.403853
4.901411
0.492428
1.349809
2.277348
0.679122
0.023026
1.999892
0.145692
0.049110
4.430849
0.124273
0.061983
0.922936
1.855481
1.276715
0.622674
0.622763
0.070199
0.187145
4.128059
0.134355
1.016984
1.662976
1.306910
2.200639
0.451680
0.490870
0.058006
0.142774
0.575544
1.664457
0.134234
1.751349
0.801661
0.023328
0.384778
0.853738
2.186657
0.606922
0.973134
2.085895
0.848249
1.146347
0.650957
0.536927
0.516261
2.846372
2.111951
0.636850
0.119484
1.986929
0.908235
1.390053
1.118744
0.394688
1.022222
0.037445
1.251819
1.192573
0.186092
0.164423
0.707788
0.350149
3.820239
0.060476
0.383423
0.353075
1.002022
0.230904
1.396142
0.294327
0.085545
0.391985
2.767345
0.821984
1.346090
0.416157
0.697932
0.964280
1.668486
0.954535
0.657059
0.524642
0.455622
0.168344
1.325547
0.006171
0.212809
0.594856
1.213055
0.448622
0.916229
0.235697
1.069761
0.862875
0.312882
3.704399
2.083677
2.317979
0.200366
0.988803
0.170189
0.305924
3.042073
0.098347
1.737264
1.177682
0.569319
0.395097
0.372152
0.281776
2.836923
1.572033
1.060709
0.367217
2.943410
0.491239
0.376138
0.149665
1.810882
0.016338
0.694140
0.573527
0.256422
0.171269
0.014625
0.682897
0.142475
2.207697
0.504804
0.377402
0.729862
0.804907
0.862553
0.635423
1.039976
0.514023
0.177092
0.084063
1.303060
0.640646
0.394797
1.107740
0.308463
3.910687
3.773829
0.239196
0.459033
0.343235
0.433468
0.228905
0.366341
1.912160
1.024603
0.761251
0.009691
1.065891
0.028160
0.153658
0.788834
0.551896
0.610268
0.065766
3.772853
0.035328
0.763439
0.976971
0.573813
1.191505
1.217992
0.180237
0.185468
0.030830
1.799527
0.570415
0.010387
1.669501
1.042559
0.475521
0.107794
7.120795
0.874751
0.525806
1.906706
0.253725
2.844551
1.973826
2.117553
3.493526
0.003517
0.553907
0.500462
0.616752
0.671288
0.463247
0.683230
0.023155
5.169630
2.683018
1.269847
1.198952
0.101558
2.192921
1.305083
2.676465
0.390260
1.343937
1.358107
3.525666
0.125135
1.864592
3.498579
1.206162
0.292978
1.721435
2.586956
0.217909
1.146542
1.631814
0.180812
1.157653
0.261008
0.819067
0.157921
1.268246
2.658122
1.024709
1.353110
2.580101
0.850369
0.617465
0.974777
1.106585
0.429399
0.433206
0.917561
1.115409
0.095142
0.420621
1.029422
0.233672
0.208749
0.948159
2.397274
0.584047
0.568697
1.794477
1.016566
0.123302
1.016695
1.627461
1.618380
2.024473
0.450561
2.953878
0.883369
0.346230
0.889070
0.397760
0.244474
0.176385
1.555267
1.830130
1.777966
0.148461
0.212180
0.564800
1.661708
0.331198
1.491153
0.603256
0.673964
3.304661
0.067763
0.509743
0.520289
0.691659
0.265445
0.044805
0.955184
2.050636
1.879859
0.539635
1.344322
0.235872
0.453976
0.394370
0.698699
3.076164
1.061526
1.271723
0.122811
0.585081
0.819298
2.929707
0.869660
1.388054
0.474998
0.496087
0.032913
0.166055
1.858307
0.739594
0.123625
2.403313
2.551591
0.738020
0.525664
0.168629
0.834149
0.024391
0.026883
0.532977
0.581848
1.451616
0.976207
1.640090
0.096185
0.134710
1.426706
1.369541
1.868744
2.083212
0.209137
0.519096
1.726296
1.468032
0.168870
0.223358
0.175203
0.207957
0.435675
0.004788
1.239429
0.633861
2.457590
1.001013
4.756112
0.390374
1.549619
0.814541
0.426627
1.683064
3.516673
1.553191
0.867512
0.900330
0.902550
1.113854
1.271522
0.437524
0.540401
0.833049
0.261154
0.931914
3.513914
0.053290
0.471320
0.134219
0.290441
0.769026
0.375944
0.929473
0.779386
0.024098
0.077636
0.608202
1.067995
0.068386
1.508994
0.586940
0.976193
0.134859
0.298635
0.900318
2.460278
1.821239
0.207177
0.711422
0.713112
2.372146
1.990857
2.622360
0.638655
0.097899
0.762646
0.583786
0.156835
2.401213
0.838911
0.506205
0.590460
2.130131
0.002463
4.361448
2.353754
0.080299
0.585031
0.823919
0.154620
0.250745
0.005279
1.454646
0.427618
0.305758
0.446406
0.304528
0.107151
0.792306
1.476582
0.945446
0.604990
1.007871
0.774059
2.602582
1.302925
0.075189
0.459080
2.066872
4.007655
2.748161
0.315588
0.558182
1.698994
0.318967
0.536129
1.280569
0.431182
1.951247
0.333254
0.680268
0.083037
0.340629
0.301154
0.557956
0.803213
0.967879
1.171669
1.060515
0.183097
0.619402
0.308179
0.970834
0.101743
1.630041
0.792196
1.742983
2.091599
2.468478
1.198724
1.954287
1.905426
3.475761
0.336993
1.103746
0.277286
1.207573
0.495107
0.897522
0.818668
1.120570
0.089860
1.017946
3.285637
0.424612
0.068585
0.722979
3.384006
1.412378
0.184425
0.143179
0.246118
0.568515
1.405005
0.378203
0.271432
0.359228
0.150720
0.121290
0.244714
1.822214
3.595664
0.070757
1.647110
0.299274
1.334407
0.050826
3.211944
0.136026
1.027161
0.731271
1.614883
1.301654
0.171223
1.442524
0.076768
0.253155
0.326236
0.040805
3.916500
0.592005
0.190416
0.220971
2.123745
2.631357
0.719837
0.125710
0.261111
1.058660
0.264425
0.592172
0.676117
0.229300
0.723993
0.354971
0.622790
0.290183
0.428267
0.550391
0.476510
4.639836
2.846949
0.198621
1.266768
0.104634
2.878994
1.570959
0.390082
0.251252
1.784612
0.361096
1.105506
0.005538
0.695846
0.797117
2.711186
0.014622
1.101126
0.178345
1.101402
2.301148
0.942177
0.173173
0.110671
0.133999
0.612146
0.840072
0.473663
1.640808
4.779108
1.411965
1.592175
2.711688
2.756326
0.723146
0.033475
2.122633
0.366625
0.439931
0.108095
0.149740
1.075894
1.475844
0.156176
0.174775
0.386822
0.081355
0.192215
4.447443
0.276386
1.848111
2.190577
1.908529
0.001474
4.949679
3.777101
0.614867
0.823791
0.437566
0.308516
0.804820
0.117354
0.063985
0.666324
0.048355
0.859811
0.732570
2.624016
2.151485
2.081423
0.030404
0.023020
0.764116
1.616266
0.183140
1.186162
0.130278
0.281676
2.036222
0.117029
0.667405
1.244603
6.562990
0.413493
1.249730
4.768002
0.379468
0.189594
0.804610
1.109173
0.576553
0.111568
1.518218
0.693447
0.896429
1.760860
0.080026
0.118000
1.408916
3.233891
4.308875
1.539626
4.095550
0.735649
0.884065
0.163345
0.242600
1.234599
0.504486
0.088715
1.711965
2.146833
1.593753
1.704175
0.250784
0.713873
1.658524
0.771291
1.148730
0.449915
0.232882
0.129118
0.630899
4.478624
0.970955
0.061730
1.696926
1.197946
0.187736
0.849441
1.075235
0.171641
0.442987
1.027602
1.134832
2.896506
1.574255
2.243737
1.060833
0.209515
3.855279
0.641166
0.074905
1.494640
0.344463
0.348110
0.336770
0.106450
1.781194
3.470148
0.622311
0.040110
0.094329
2.676326
0.028365
1.242353
4.715803
1.862532
0.526756
0.176993
0.539683
0.070707
0.385563
1.491440
1.239258
6.473520
1.272022
0.699646
2.229286
0.467716
1.178505
2.049705
1.876602
1.445748
1.040998
0.148837
0.060184
2.700447
0.273477
2.207020
2.319854
1.212568
2.649138
4.794996
1.004444
3.152499
1.214107
0.980294
1.619366
0.119355
1.546526
0.247235
0.199393
0.113108
5.115054
2.217996
0.111381
1.250820
0.501555
6.117772
0.091347
0.090662
2.032739
2.720972
1.904506
0.725508
0.075240
2.402545
0.595560
0.373602
1.606864
0.431488
0.014420
1.304797
0.418835
1.044319
1.158449
0.046266
0.318647
0.669436
0.171642
0.061749
1.227739
0.413232
0.182513
1.207446
0.260929
0.317768
0.535751
0.978369
0.314745
0.697294
1.240463
0.149717
0.573159
0.825202
1.064125
0.710777
0.637459
0.109498
1.717506
0.315877
0.605456
1.800619
7.883409
1.591410
0.659465
1.157249
1.842466
1.409520
0.190741
7.254162
1.690759
2.126105
0.412163
4.042534
0.871650
0.838053
0.293936
5.657631
0.212605
0.743810
0.690307
2.325590
1.089899
2.730852
0.623860
0.383782
0.586221
2.740996
0.548936
0.306607
0.231106
2.092412
0.104099
0.230631
1.117711
0.871642
2.222093
0.722671
0.411697
0.067499
0.721215
0.166168
2.918218
1.907998
0.145653
0.750160
0.543127
0.494654
0.742796
0.943137
2.464150
0.023060
0.719224
0.864335
3.161379
3.772150
2.276801
0.512839
2.436018
0.385404
1.094422
0.126512
0.218697
1.444479
0.392752
2.035674
0.424444
0.243884
0.484433
1.149933
0.330858
2.280752
1.810562
0.258334
1.383960
3.574858
1.408017
0.184508
0.449729
0.327935
1.509964
0.324509
0.360090
0.345243
1.936457
0.301132
0.313272
1.399072
1.082422
0.200209
0.075800
0.395257
0.357070
0.313935
0.094997
0.981044
0.149476
0.573572
1.842014
0.739808
0.127644
0.131471
0.545740
3.129742
0.432104
0.186333
2.634588
0.112307
0.413230
0.343125
0.487468
0.125078
0.838331
1.165416
0.526826
0.550527
2.960878
1.134673
0.194226
0.940206
1.965496
0.287051
2.748026
0.174580
0.731805
0.026929
1.538377
1.072362
0.621871
0.985568
0.199177
0.874415
1.386165
0.919252
0.774715
0.106278
1.474845
